	Siciliano	Calabrese_Northern	Italian	Spanish	French	Portuguese	Romanian	Greek_Calabria	Greek	Greek_Cypriot	English	Dutch	Afrikaans	German	Danish	Icelandic	Faroese	Norwegian	Bulgarian	Serbo-Croatian	Slovenian	Polish	Russian	Irish	Welsh	Marathi	Hindi	Pashto	Tamil	Telugu	Mandarin	Cantonese	Japanese	Korean	Arabic	Hebrew	Hungarian	Khanty	Estonian	Finnish	Mari	Udmurt	Yukaghir	Even_1	Even_2	Evenki	Yakut	Uzbek	Kazakh	Kirghiz	Turkish	Buryat	Basque_Central	Basque_Western	Wolof	Malagasy	Archi	Lak
Siciliano	0.0	0.179	0.115	0.207	0.231	0.148	0.241	0.308	0.393	0.393	0.261	0.25	0.292	0.28	0.28	0.357	0.28	0.28	0.269	0.304	0.304	0.273	0.304	0.385	0.385	0.348	0.318	0.318	0.409	0.409	0.7	0.7	0.583	0.545	0.423	0.4	0.565	0.591	0.524	0.545	0.545	0.5	0.5	0.522	0.522	0.522	0.545	0.524	0.524	0.524	0.524	0.476	0.52	0.538	0.593	0.636	0.476	0.476
Calabrese_Northern	0.179	0.0	0.143	0.226	0.31	0.233	0.2	0.269	0.357	0.357	0.32	0.308	0.346	0.308	0.269	0.321	0.269	0.269	0.286	0.304	0.304	0.273	0.304	0.407	0.407	0.348	0.318	0.318	0.409	0.409	0.7	0.7	0.583	0.545	0.444	0.423	0.6	0.591	0.524	0.545	0.545	0.5	0.5	0.522	0.522	0.522	0.545	0.524	0.524	0.524	0.524	0.476	0.48	0.5	0.607	0.636	0.476	0.476
Italian	0.115	0.143	0.0	0.2	0.222	0.143	0.2	0.333	0.379	0.379	0.28	0.269	0.308	0.296	0.231	0.31	0.231	0.231	0.31	0.292	0.292	0.261	0.292	0.429	0.429	0.348	0.318	0.318	0.409	0.409	0.7	0.7	0.583	0.545	0.444	0.423	0.583	0.591	0.524	0.545	0.545	0.5	0.5	0.522	0.522	0.522	0.545	0.524	0.524	0.524	0.524	0.476	0.52	0.538	0.607	0.636	0.476	0.476
Spanish	0.207	0.226	0.2	0.0	0.214	0.103	0.25	0.321	0.31	0.31	0.28	0.2	0.24	0.231	0.269	0.31	0.269	0.269	0.276	0.292	0.292	0.261	0.292	0.393	0.393	0.304	0.273	0.238	0.409	0.409	0.6	0.6	0.5	0.455	0.483	0.464	0.6	0.591	0.524	0.545	0.545	0.5	0.522	0.478	0.478	0.478	0.5	0.476	0.476	0.476	0.476	0.5	0.44	0.462	0.621	0.652	0.476	0.476
French	0.231	0.31	0.222	0.214	0.0	0.185	0.276	0.36	0.37	0.37	0.304	0.292	0.333	0.32	0.32	0.357	0.32	0.32	0.37	0.375	0.375	0.375	0.375	0.36	0.36	0.333	0.3	0.263	0.455	0.455	0.625	0.625	0.545	0.5	0.462	0.417	0.625	0.652	0.55	0.591	0.609	0.565	0.565	0.545	0.545	0.545	0.571	0.55	0.55	0.55	0.55	0.545	0.542	0.538	0.615	0.591	0.524	0.524
Portuguese	0.148	0.233	0.143	0.103	0.185	0.0	0.258	0.333	0.379	0.379	0.28	0.2	0.24	0.231	0.269	0.31	0.269	0.269	0.31	0.292	0.292	0.261	0.292	0.393	0.393	0.348	0.318	0.286	0.409	0.409	0.7	0.7	0.583	0.545	0.464	0.444	0.583	0.591	0.524	0.545	0.545	0.5	0.5	0.522	0.522	0.522	0.545	0.524	0.524	0.524	0.524	0.476	0.48	0.5	0.607	0.652	0.476	0.476
Romanian	0.241	0.2	0.2	0.25	0.276	0.258	0.0	0.296	0.367	0.367	0.333	0.296	0.333	0.321	0.25	0.312	0.276	0.267	0.281	0.333	0.333	0.333	0.333	0.414	0.414	0.348	0.318	0.286	0.409	0.409	0.7	0.7	0.615	0.583	0.448	0.429	0.63	0.609	0.524	0.565	0.565	0.522	0.522	0.542	0.542	0.542	0.565	0.545	0.545	0.545	0.545	0.5	0.48	0.5	0.607	0.667	0.476	0.476
Greek_Calabria	0.308	0.269	0.333	0.321	0.36	0.333	0.296	0.0	0.2	0.2	0.304	0.292	0.333	0.25	0.32	0.333	0.32	0.32	0.308	0.273	0.273	0.273	0.273	0.36	0.36	0.391	0.364	0.318	0.478	0.478	0.7	0.7	0.615	0.583	0.462	0.44	0.565	0.571	0.524	0.545	0.524	0.545	0.583	0.5	0.5	0.5	0.524	0.5	0.5	0.5	0.5	0.545	0.625	0.64	0.52	0.6	0.45	0.45
Greek	0.393	0.357	0.379	0.31	0.37	0.379	0.367	0.2	0.0	0.036	0.28	0.269	0.308	0.231	0.296	0.31	0.296	0.296	0.31	0.2	0.2	0.2	0.2	0.385	0.385	0.348	0.318	0.273	0.458	0.458	0.6	0.6	0.538	0.5	0.448	0.5	0.522	0.545	0.5	0.522	0.5	0.522	0.577	0.455	0.455	0.455	0.476	0.45	0.45	0.45	0.45	0.542	0.652	0.583	0.593	0.619	0.429	0.429
Greek_Cypriot	0.393	0.357	0.379	0.31	0.37	0.379	0.367	0.2	0.036	0.0	0.28	0.269	0.308	0.231	0.296	0.31	0.296	0.296	0.31	0.2	0.2	0.2	0.2	0.385	0.385	0.348	0.318	0.273	0.458	0.458	0.6	0.6	0.538	0.5	0.448	0.5	0.522	0.545	0.5	0.522	0.5	0.522	0.577	0.455	0.455	0.455	0.476	0.45	0.45	0.45	0.45	0.542	0.652	0.583	0.593	0.619	0.429	0.429
English	0.261	0.32	0.28	0.28	0.304	0.28	0.333	0.304	0.28	0.28	0.0	0.16	0.125	0.192	0.154	0.222	0.154	0.154	0.259	0.261	0.261	0.261	0.261	0.333	0.333	0.381	0.35	0.316	0.4	0.4	0.75	0.75	0.6	0.556	0.44	0.417	0.545	0.55	0.444	0.5	0.5	0.45	0.5	0.524	0.524	0.524	0.55	0.5	0.526	0.526	0.526	0.5	0.526	0.55	0.6	0.6	0.474	0.474
Dutch	0.25	0.308	0.269	0.2	0.292	0.2	0.296	0.292	0.269	0.269	0.16	0.0	0.083	0.08	0.154	0.185	0.154	0.154	0.222	0.217	0.217	0.217	0.217	0.32	0.32	0.333	0.3	0.263	0.35	0.35	0.75	0.75	0.6	0.556	0.444	0.423	0.583	0.571	0.474	0.524	0.524	0.476	0.524	0.545	0.545	0.545	0.571	0.526	0.55	0.55	0.55	0.524	0.5	0.524	0.577	0.636	0.421	0.421
Afrikaans	0.292	0.346	0.308	0.24	0.333	0.24	0.333	0.333	0.308	0.308	0.125	0.083	0.0	0.12	0.192	0.222	0.192	0.192	0.259	0.261	0.261	0.261	0.261	0.36	0.36	0.381	0.35	0.316	0.4	0.4	0.75	0.75	0.6	0.556	0.462	0.44	0.565	0.55	0.444	0.5	0.5	0.45	0.5	0.524	0.524	0.524	0.55	0.5	0.526	0.526	0.526	0.5	0.474	0.5	0.615	0.619	0.474	0.474
German	0.28	0.308	0.296	0.231	0.32	0.231	0.321	0.25	0.231	0.231	0.192	0.08	0.12	0.0	0.185	0.148	0.185	0.185	0.25	0.174	0.174	0.208	0.208	0.28	0.28	0.364	0.333	0.3	0.381	0.381	0.778	0.778	0.636	0.6	0.444	0.423	0.583	0.571	0.474	0.524	0.524	0.476	0.545	0.545	0.545	0.545	0.571	0.526	0.55	0.55	0.55	0.545	0.524	0.545	0.577	0.636	0.421	0.421
Danish	0.28	0.269	0.231	0.269	0.32	0.269	0.25	0.32	0.296	0.296	0.154	0.154	0.192	0.185	0.0	0.143	0.074	0.107	0.241	0.217	0.217	0.217	0.217	0.346	0.346	0.333	0.3	0.263	0.35	0.35	0.75	0.75	0.6	0.556	0.464	0.444	0.6	0.571	0.474	0.524	0.524	0.476	0.524	0.545	0.545	0.545	0.571	0.526	0.55	0.55	0.55	0.524	0.55	0.571	0.593	0.636	0.421	0.421
Icelandic	0.357	0.321	0.31	0.31	0.357	0.31	0.312	0.333	0.31	0.31	0.222	0.185	0.222	0.148	0.143	0.0	0.172	0.138	0.226	0.174	0.174	0.208	0.208	0.259	0.259	0.364	0.333	0.3	0.381	0.381	0.778	0.778	0.636	0.6	0.448	0.429	0.6	0.571	0.474	0.524	0.524	0.476	0.545	0.545	0.545	0.545	0.571	0.526	0.55	0.55	0.55	0.545	0.571	0.591	0.607	0.636	0.421	0.421
Faroese	0.28	0.269	0.231	0.269	0.32	0.269	0.276	0.32	0.296	0.296	0.154	0.154	0.192	0.185	0.074	0.172	0.0	0.071	0.267	0.217	0.217	0.217	0.217	0.346	0.346	0.333	0.3	0.263	0.35	0.35	0.75	0.75	0.6	0.556	0.464	0.444	0.6	0.571	0.474	0.524	0.524	0.476	0.524	0.545	0.545	0.545	0.571	0.526	0.55	0.55	0.55	0.524	0.55	0.571	0.593	0.636	0.421	0.421
Norwegian	0.28	0.269	0.231	0.269	0.32	0.269	0.267	0.32	0.296	0.296	0.154	0.154	0.192	0.185	0.107	0.138	0.071	0.0	0.233	0.217	0.217	0.217	0.217	0.346	0.346	0.333	0.3	0.263	0.35	0.35	0.75	0.75	0.6	0.556	0.464	0.444	0.6	0.571	0.474	0.524	0.524	0.476	0.524	0.545	0.545	0.545	0.571	0.526	0.55	0.55	0.55	0.524	0.55	0.571	0.593	0.636	0.421	0.421
Bulgarian	0.269	0.286	0.31	0.276	0.37	0.31	0.281	0.308	0.31	0.31	0.259	0.222	0.259	0.25	0.241	0.226	0.267	0.233	0.0	0.167	0.167	0.208	0.167	0.333	0.333	0.364	0.333	0.3	0.381	0.381	0.778	0.778	0.6	0.556	0.393	0.393	0.583	0.571	0.5	0.524	0.524	0.476	0.524	0.545	0.545	0.545	0.571	0.526	0.55	0.55	0.55	0.524	0.524	0.545	0.63	0.619	0.45	0.45
Serbo-Croatian	0.304	0.304	0.292	0.292	0.375	0.292	0.333	0.273	0.2	0.2	0.261	0.217	0.261	0.174	0.217	0.174	0.217	0.217	0.167	0.0	0.043	0.125	0.083	0.286	0.286	0.381	0.35	0.381	0.409	0.409	0.8	0.8	0.636	0.6	0.333	0.381	0.524	0.5	0.45	0.476	0.45	0.476	0.545	0.5	0.5	0.5	0.526	0.471	0.5	0.5	0.5	0.545	0.611	0.526	0.636	0.579	0.4	0.4
Slovenian	0.304	0.304	0.292	0.292	0.375	0.292	0.333	0.273	0.2	0.2	0.261	0.217	0.261	0.174	0.217	0.174	0.217	0.217	0.167	0.043	0.0	0.125	0.083	0.286	0.286	0.381	0.35	0.381	0.409	0.409	0.8	0.8	0.636	0.6	0.333	0.381	0.524	0.5	0.45	0.476	0.45	0.476	0.545	0.5	0.5	0.5	0.526	0.471	0.5	0.5	0.5	0.545	0.611	0.526	0.636	0.579	0.4	0.4
Polish	0.273	0.273	0.261	0.261	0.375	0.261	0.333	0.273	0.2	0.2	0.261	0.217	0.261	0.208	0.217	0.208	0.217	0.217	0.208	0.125	0.125	0.0	0.083	0.286	0.286	0.381	0.35	0.381	0.409	0.409	0.8	0.8	0.636	0.6	0.333	0.381	0.524	0.5	0.45	0.476	0.45	0.476	0.545	0.5	0.5	0.5	0.526	0.471	0.5	0.5	0.5	0.545	0.611	0.526	0.636	0.579	0.4	0.4
Russian	0.304	0.304	0.292	0.292	0.375	0.292	0.333	0.273	0.2	0.2	0.261	0.217	0.261	0.208	0.217	0.208	0.217	0.217	0.167	0.083	0.083	0.083	0.0	0.286	0.286	0.381	0.35	0.381	0.409	0.409	0.8	0.8	0.636	0.6	0.333	0.381	0.524	0.5	0.45	0.476	0.45	0.476	0.545	0.5	0.5	0.5	0.526	0.471	0.5	0.5	0.5	0.545	0.611	0.526	0.636	0.579	0.4	0.4
Irish	0.385	0.407	0.429	0.393	0.36	0.393	0.414	0.36	0.385	0.385	0.333	0.32	0.36	0.28	0.346	0.259	0.346	0.346	0.333	0.286	0.286	0.286	0.286	0.0	0.043	0.409	0.381	0.35	0.429	0.429	0.778	0.778	0.636	0.6	0.37	0.346	0.524	0.55	0.444	0.5	0.5	0.45	0.545	0.591	0.591	0.591	0.55	0.526	0.526	0.526	0.526	0.524	0.619	0.571	0.615	0.619	0.389	0.389
Welsh	0.385	0.407	0.429	0.393	0.36	0.393	0.414	0.36	0.385	0.385	0.333	0.32	0.36	0.28	0.346	0.259	0.346	0.346	0.333	0.286	0.286	0.286	0.286	0.043	0.0	0.409	0.381	0.35	0.429	0.429	0.778	0.778	0.636	0.6	0.37	0.346	0.524	0.55	0.444	0.5	0.5	0.45	0.545	0.591	0.591	0.591	0.55	0.526	0.526	0.526	0.526	0.524	0.619	0.571	0.615	0.619	0.389	0.389
Marathi	0.348	0.348	0.348	0.304	0.333	0.348	0.348	0.391	0.348	0.348	0.381	0.333	0.381	0.364	0.333	0.364	0.333	0.333	0.364	0.381	0.381	0.381	0.381	0.409	0.409	0.0	0.095	0.227	0.286	0.286	0.5	0.5	0.462	0.538	0.381	0.409	0.545	0.45	0.5	0.476	0.381	0.333	0.409	0.364	0.364	0.364	0.381	0.35	0.35	0.35	0.35	0.381	0.474	0.421	0.583	0.526	0.35	0.35
Hindi	0.318	0.318	0.318	0.273	0.3	0.318	0.318	0.364	0.318	0.318	0.35	0.3	0.35	0.333	0.3	0.333	0.3	0.3	0.333	0.35	0.35	0.35	0.35	0.381	0.381	0.095	0.0	0.273	0.286	0.286	0.444	0.444	0.538	0.5	0.35	0.381	0.524	0.5	0.474	0.524	0.429	0.381	0.409	0.364	0.364	0.364	0.381	0.35	0.35	0.35	0.35	0.381	0.526	0.474	0.565	0.579	0.35	0.35
Pashto	0.318	0.318	0.318	0.238	0.263	0.286	0.286	0.318	0.273	0.273	0.316	0.263	0.316	0.3	0.263	0.3	0.263	0.263	0.3	0.381	0.381	0.381	0.381	0.35	0.35	0.227	0.273	0.0	0.381	0.381	0.6	0.6	0.417	0.5	0.381	0.409	0.591	0.5	0.5	0.45	0.476	0.429	0.522	0.455	0.455	0.455	0.476	0.45	0.45	0.45	0.45	0.476	0.5	0.444	0.625	0.579	0.476	0.476
Tamil	0.409	0.409	0.409	0.409	0.455	0.409	0.409	0.478	0.458	0.458	0.4	0.35	0.4	0.381	0.35	0.381	0.35	0.35	0.381	0.409	0.409	0.409	0.409	0.429	0.429	0.286	0.286	0.381	0.0	0.053	0.75	0.75	0.727	0.727	0.409	0.381	0.545	0.5	0.5	0.524	0.429	0.381	0.409	0.429	0.429	0.429	0.45	0.389	0.421	0.421	0.421	0.333	0.556	0.474	0.696	0.632	0.3	0.3
Telugu	0.409	0.409	0.409	0.409	0.455	0.409	0.409	0.478	0.458	0.458	0.4	0.35	0.4	0.381	0.35	0.381	0.35	0.35	0.381	0.409	0.409	0.409	0.409	0.429	0.429	0.286	0.286	0.381	0.053	0.0	0.75	0.75	0.727	0.727	0.409	0.381	0.545	0.5	0.5	0.524	0.429	0.381	0.409	0.429	0.429	0.429	0.45	0.389	0.421	0.421	0.421	0.333	0.556	0.474	0.696	0.632	0.3	0.3
Mandarin	0.7	0.7	0.7	0.6	0.625	0.7	0.7	0.7	0.6	0.6	0.75	0.75	0.75	0.778	0.75	0.778	0.75	0.75	0.778	0.8	0.8	0.8	0.8	0.778	0.778	0.5	0.444	0.6	0.75	0.75	0.0	0.182	0.538	0.5	0.778	0.778	0.778	0.8	0.75	0.8	0.7	0.7	0.636	0.636	0.636	0.636	0.6	0.636	0.6	0.6	0.6	0.7	0.778	0.778	0.455	0.727	0.778	0.778
Cantonese	0.7	0.7	0.7	0.6	0.625	0.7	0.7	0.7	0.6	0.6	0.75	0.75	0.75	0.778	0.75	0.778	0.75	0.75	0.778	0.8	0.8	0.8	0.8	0.778	0.778	0.5	0.444	0.6	0.75	0.75	0.182	0.0	0.538	0.5	0.778	0.778	0.778	0.8	0.75	0.8	0.7	0.7	0.636	0.636	0.636	0.636	0.6	0.636	0.6	0.6	0.6	0.7	0.778	0.778	0.455	0.727	0.778	0.778
Japanese	0.583	0.583	0.583	0.5	0.545	0.583	0.615	0.615	0.538	0.538	0.6	0.6	0.6	0.636	0.6	0.636	0.6	0.6	0.6	0.636	0.636	0.636	0.636	0.636	0.636	0.462	0.538	0.417	0.727	0.727	0.538	0.538	0.0	0.25	0.636	0.667	0.769	0.667	0.636	0.583	0.615	0.615	0.643	0.667	0.667	0.667	0.615	0.538	0.615	0.615	0.615	0.714	0.5	0.5	0.688	0.583	0.75	0.75
Korean	0.545	0.545	0.545	0.455	0.5	0.545	0.583	0.583	0.5	0.5	0.556	0.556	0.556	0.6	0.556	0.6	0.556	0.556	0.556	0.6	0.6	0.6	0.6	0.6	0.6	0.538	0.5	0.5	0.727	0.727	0.5	0.5	0.25	0.0	0.6	0.636	0.75	0.75	0.6	0.667	0.692	0.692	0.643	0.667	0.667	0.667	0.615	0.538	0.615	0.615	0.615	0.714	0.6	0.6	0.667	0.667	0.75	0.75
Arabic	0.423	0.444	0.444	0.483	0.462	0.464	0.448	0.462	0.448	0.448	0.44	0.444	0.462	0.444	0.464	0.448	0.464	0.464	0.393	0.333	0.333	0.333	0.333	0.37	0.37	0.381	0.35	0.381	0.409	0.409	0.778	0.778	0.636	0.6	0.0	0.259	0.52	0.5	0.421	0.429	0.455	0.409	0.478	0.545	0.545	0.545	0.524	0.5	0.5	0.5	0.5	0.455	0.619	0.545	0.577	0.571	0.429	0.429
Hebrew	0.4	0.423	0.423	0.464	0.417	0.444	0.429	0.44	0.5	0.5	0.417	0.423	0.44	0.423	0.444	0.429	0.444	0.444	0.393	0.381	0.381	0.381	0.381	0.346	0.346	0.409	0.381	0.409	0.381	0.381	0.778	0.778	0.667	0.636	0.259	0.0	0.5	0.524	0.474	0.476	0.476	0.429	0.522	0.545	0.545	0.545	0.524	0.5	0.5	0.5	0.5	0.429	0.636	0.591	0.615	0.55	0.45	0.45
Hungarian	0.565	0.6	0.583	0.6	0.625	0.583	0.63	0.565	0.522	0.522	0.545	0.583	0.565	0.583	0.6	0.6	0.6	0.6	0.583	0.524	0.524	0.524	0.524	0.524	0.524	0.545	0.524	0.591	0.545	0.545	0.778	0.778	0.769	0.75	0.52	0.5	0.0	0.2	0.353	0.333	0.273	0.304	0.478	0.364	0.364	0.364	0.3	0.35	0.35	0.35	0.35	0.409	0.714	0.696	0.68	0.5	0.474	0.474
Khanty	0.591	0.591	0.591	0.591	0.652	0.591	0.609	0.571	0.545	0.545	0.55	0.571	0.55	0.571	0.571	0.571	0.571	0.571	0.571	0.5	0.5	0.5	0.5	0.55	0.55	0.45	0.5	0.5	0.5	0.5	0.8	0.8	0.667	0.75	0.5	0.524	0.2	0.0	0.412	0.3	0.238	0.273	0.429	0.381	0.381	0.381	0.222	0.278	0.278	0.278	0.278	0.35	0.562	0.556	0.682	0.4	0.444	0.444
Estonian	0.524	0.524	0.524	0.524	0.55	0.524	0.524	0.524	0.5	0.5	0.444	0.474	0.444	0.474	0.474	0.474	0.474	0.474	0.5	0.45	0.45	0.45	0.45	0.444	0.444	0.5	0.474	0.5	0.5	0.5	0.75	0.75	0.636	0.6	0.421	0.474	0.353	0.412	0.0	0.176	0.294	0.294	0.474	0.444	0.444	0.444	0.471	0.438	0.438	0.438	0.438	0.444	0.533	0.529	0.7	0.588	0.474	0.474
Finnish	0.545	0.545	0.545	0.545	0.591	0.545	0.565	0.545	0.522	0.522	0.5	0.524	0.5	0.524	0.524	0.524	0.524	0.524	0.524	0.476	0.476	0.476	0.476	0.5	0.5	0.476	0.524	0.45	0.524	0.524	0.8	0.8	0.583	0.667	0.429	0.476	0.333	0.3	0.176	0.0	0.238	0.238	0.429	0.381	0.381	0.381	0.4	0.368	0.368	0.368	0.368	0.35	0.5	0.5	0.667	0.45	0.5	0.5
Mari	0.545	0.545	0.545	0.545	0.609	0.545	0.565	0.524	0.5	0.5	0.5	0.524	0.5	0.524	0.524	0.524	0.524	0.524	0.524	0.45	0.45	0.45	0.45	0.5	0.5	0.381	0.429	0.476	0.429	0.429	0.7	0.7	0.615	0.692	0.455	0.476	0.273	0.238	0.294	0.238	0.0	0.091	0.364	0.273	0.273	0.273	0.286	0.25	0.25	0.25	0.25	0.318	0.471	0.474	0.619	0.381	0.4	0.4
Udmurt	0.5	0.5	0.5	0.5	0.565	0.5	0.522	0.545	0.522	0.522	0.45	0.476	0.45	0.476	0.476	0.476	0.476	0.476	0.476	0.476	0.476	0.476	0.476	0.45	0.45	0.333	0.381	0.429	0.381	0.381	0.7	0.7	0.615	0.692	0.409	0.429	0.304	0.273	0.294	0.238	0.091	0.0	0.318	0.304	0.304	0.304	0.318	0.286	0.286	0.286	0.286	0.273	0.412	0.421	0.619	0.409	0.429	0.429
Yukaghir	0.5	0.5	0.5	0.522	0.565	0.5	0.522	0.583	0.577	0.577	0.5	0.524	0.5	0.545	0.524	0.545	0.524	0.524	0.524	0.545	0.545	0.545	0.545	0.545	0.545	0.409	0.409	0.522	0.409	0.409	0.636	0.636	0.643	0.643	0.478	0.522	0.478	0.429	0.474	0.429	0.364	0.318	0.0	0.391	0.391	0.391	0.364	0.286	0.333	0.333	0.333	0.273	0.471	0.474	0.591	0.571	0.455	0.455
Even_1	0.522	0.522	0.522	0.478	0.545	0.522	0.542	0.5	0.455	0.455	0.524	0.545	0.524	0.545	0.545	0.545	0.545	0.545	0.545	0.5	0.5	0.5	0.5	0.591	0.591	0.364	0.364	0.455	0.429	0.429	0.636	0.636	0.667	0.667	0.545	0.545	0.364	0.381	0.444	0.381	0.273	0.304	0.391	0.0	0.048	0.048	0.227	0.19	0.19	0.19	0.19	0.318	0.611	0.632	0.636	0.45	0.476	0.476
Even_2	0.522	0.522	0.522	0.478	0.545	0.522	0.542	0.5	0.455	0.455	0.524	0.545	0.524	0.545	0.545	0.545	0.545	0.545	0.545	0.5	0.5	0.5	0.5	0.591	0.591	0.364	0.364	0.455	0.429	0.429	0.636	0.636	0.667	0.667	0.545	0.545	0.364	0.381	0.444	0.381	0.273	0.304	0.391	0.048	0.0	0.048	0.227	0.19	0.19	0.19	0.19	0.318	0.611	0.632	0.636	0.45	0.476	0.476
Evenki	0.522	0.522	0.522	0.478	0.545	0.522	0.542	0.5	0.455	0.455	0.524	0.545	0.524	0.545	0.545	0.545	0.545	0.545	0.545	0.5	0.5	0.5	0.5	0.591	0.591	0.364	0.364	0.455	0.429	0.429	0.636	0.636	0.667	0.667	0.545	0.545	0.364	0.381	0.444	0.381	0.273	0.304	0.391	0.048	0.048	0.0	0.227	0.19	0.19	0.19	0.19	0.318	0.611	0.632	0.636	0.45	0.476	0.476
Yakut	0.545	0.545	0.545	0.5	0.571	0.545	0.565	0.524	0.476	0.476	0.55	0.571	0.55	0.571	0.571	0.571	0.571	0.571	0.571	0.526	0.526	0.526	0.526	0.55	0.55	0.381	0.381	0.476	0.45	0.45	0.6	0.6	0.615	0.615	0.524	0.524	0.3	0.222	0.471	0.4	0.286	0.318	0.364	0.227	0.227	0.227	0.0	0.15	0.105	0.105	0.105	0.25	0.588	0.611	0.636	0.421	0.421	0.421
Uzbek	0.524	0.524	0.524	0.476	0.55	0.524	0.545	0.5	0.45	0.45	0.5	0.526	0.5	0.526	0.526	0.526	0.526	0.526	0.526	0.471	0.471	0.471	0.471	0.526	0.526	0.35	0.35	0.45	0.389	0.389	0.636	0.636	0.538	0.538	0.5	0.5	0.35	0.278	0.438	0.368	0.25	0.286	0.286	0.19	0.19	0.19	0.15	0.0	0.105	0.105	0.105	0.25	0.562	0.588	0.636	0.389	0.389	0.389
Kazakh	0.524	0.524	0.524	0.476	0.55	0.524	0.545	0.5	0.45	0.45	0.526	0.55	0.526	0.55	0.55	0.55	0.55	0.55	0.55	0.5	0.5	0.5	0.5	0.526	0.526	0.35	0.35	0.45	0.421	0.421	0.6	0.6	0.615	0.615	0.5	0.5	0.35	0.278	0.438	0.368	0.25	0.286	0.333	0.19	0.19	0.19	0.105	0.105	0.0	0.056	0.056	0.211	0.562	0.588	0.619	0.389	0.389	0.389
Kirghiz	0.524	0.524	0.524	0.476	0.55	0.524	0.545	0.5	0.45	0.45	0.526	0.55	0.526	0.55	0.55	0.55	0.55	0.55	0.55	0.5	0.5	0.5	0.5	0.526	0.526	0.35	0.35	0.45	0.421	0.421	0.6	0.6	0.615	0.615	0.5	0.5	0.35	0.278	0.438	0.368	0.25	0.286	0.333	0.19	0.19	0.19	0.105	0.105	0.056	0.0	0.056	0.211	0.562	0.588	0.619	0.389	0.389	0.389
Turkish	0.524	0.524	0.524	0.476	0.55	0.524	0.545	0.5	0.45	0.45	0.526	0.55	0.526	0.55	0.55	0.55	0.55	0.55	0.55	0.5	0.5	0.5	0.5	0.526	0.526	0.35	0.35	0.45	0.421	0.421	0.6	0.6	0.615	0.615	0.5	0.5	0.35	0.278	0.438	0.368	0.25	0.286	0.333	0.19	0.19	0.19	0.105	0.105	0.056	0.056	0.0	0.211	0.562	0.588	0.619	0.389	0.389	0.389
Buryat	0.476	0.476	0.476	0.5	0.545	0.476	0.5	0.545	0.542	0.542	0.5	0.524	0.5	0.545	0.524	0.545	0.524	0.524	0.524	0.545	0.545	0.545	0.545	0.524	0.524	0.381	0.381	0.476	0.333	0.333	0.7	0.7	0.714	0.714	0.455	0.429	0.409	0.35	0.444	0.35	0.318	0.273	0.273	0.318	0.318	0.318	0.25	0.25	0.211	0.211	0.211	0.0	0.529	0.526	0.6	0.5	0.4	0.4
Basque_Central	0.52	0.48	0.52	0.44	0.542	0.48	0.48	0.625	0.652	0.652	0.526	0.5	0.474	0.524	0.55	0.571	0.55	0.55	0.524	0.611	0.611	0.611	0.611	0.619	0.619	0.474	0.526	0.5	0.556	0.556	0.778	0.778	0.5	0.6	0.619	0.636	0.714	0.562	0.533	0.5	0.471	0.412	0.471	0.611	0.611	0.611	0.588	0.562	0.562	0.562	0.562	0.529	0.0	0.2	0.708	0.632	0.611	0.611
Basque_Western	0.538	0.5	0.538	0.462	0.538	0.5	0.5	0.64	0.583	0.583	0.55	0.524	0.5	0.545	0.571	0.591	0.571	0.571	0.545	0.526	0.526	0.526	0.526	0.571	0.571	0.421	0.474	0.444	0.474	0.474	0.778	0.778	0.5	0.6	0.545	0.591	0.696	0.556	0.529	0.5	0.474	0.421	0.474	0.632	0.632	0.632	0.611	0.588	0.588	0.588	0.588	0.526	0.2	0.0	0.72	0.682	0.526	0.526
Wolof	0.593	0.607	0.607	0.621	0.615	0.607	0.607	0.52	0.593	0.593	0.6	0.577	0.615	0.577	0.593	0.607	0.593	0.593	0.63	0.636	0.636	0.636	0.636	0.615	0.615	0.583	0.565	0.625	0.696	0.696	0.455	0.455	0.688	0.667	0.577	0.615	0.68	0.682	0.7	0.667	0.619	0.619	0.591	0.636	0.636	0.636	0.636	0.636	0.619	0.619	0.619	0.6	0.708	0.72	0.0	0.652	0.667	0.667
Malagasy	0.636	0.636	0.636	0.652	0.591	0.652	0.667	0.6	0.619	0.619	0.6	0.636	0.619	0.636	0.636	0.636	0.636	0.636	0.619	0.579	0.579	0.579	0.579	0.619	0.619	0.526	0.579	0.579	0.632	0.632	0.727	0.727	0.583	0.667	0.571	0.55	0.5	0.4	0.588	0.45	0.381	0.409	0.571	0.45	0.45	0.45	0.421	0.389	0.389	0.389	0.389	0.5	0.632	0.682	0.652	0.0	0.556	0.556
Archi	0.476	0.476	0.476	0.476	0.524	0.476	0.476	0.45	0.429	0.429	0.474	0.421	0.474	0.421	0.421	0.421	0.421	0.421	0.45	0.4	0.4	0.4	0.4	0.389	0.389	0.35	0.35	0.476	0.3	0.3	0.778	0.778	0.75	0.75	0.429	0.45	0.474	0.444	0.474	0.5	0.4	0.429	0.455	0.476	0.476	0.476	0.421	0.389	0.389	0.389	0.389	0.4	0.611	0.526	0.667	0.556	0.0	0.059
Lak	0.476	0.476	0.476	0.476	0.524	0.476	0.476	0.45	0.429	0.429	0.474	0.421	0.474	0.421	0.421	0.421	0.421	0.421	0.45	0.4	0.4	0.4	0.4	0.389	0.389	0.35	0.35	0.476	0.3	0.3	0.778	0.778	0.75	0.75	0.429	0.45	0.474	0.444	0.474	0.5	0.4	0.429	0.455	0.476	0.476	0.476	0.421	0.389	0.389	0.389	0.389	0.4	0.611	0.526	0.667	0.556	0.059	0.0
