	Siciliano	Calabrese_Northern	Italian	Spanish	French	Portuguese	Romanian	Greek_Calabria	Greek	Greek_Cypriot	English	Dutch	Afrikaans	German	Danish	Icelandic	Faroese	Norwegian	Bulgarian	Serbo-Croatian	Slovenian	Polish	Russian	Irish	Welsh	Marathi	Hindi	Pashto	Tamil	Telugu	Mandarin	Cantonese	Japanese	Korean	Arabic	Hebrew	Hungarian	Khanty	Estonian	Finnish	Mari	Udmurt	Yukaghir	Even_1	Even_2	Evenki	Yakut	Uzbek	Kazakh	Kirghiz	Turkish	Buryat	Basque_Central	Basque_Western	Wolof	Malagasy	Archi	Lak
Siciliano	0.0	0.093	0.049	0.125	0.128	0.075	0.154	0.163	0.238	0.238	0.139	0.139	0.167	0.171	0.171	0.257	0.171	0.171	0.162	0.214	0.214	0.179	0.214	0.231	0.231	0.259	0.222	0.207	0.32	0.32	0.375	0.375	0.316	0.263	0.27	0.243	0.375	0.522	0.357	0.423	0.478	0.455	0.4	0.478	0.478	0.478	0.458	0.435	0.417	0.417	0.417	0.36	0.343	0.371	0.455	0.419	0.375	0.375
Calabrese_Northern	0.093	0.0	0.075	0.154	0.205	0.15	0.135	0.143	0.22	0.22	0.194	0.194	0.222	0.2	0.176	0.235	0.176	0.176	0.194	0.214	0.214	0.179	0.214	0.256	0.256	0.259	0.222	0.207	0.32	0.32	0.375	0.375	0.316	0.263	0.297	0.27	0.438	0.522	0.357	0.423	0.478	0.455	0.4	0.478	0.478	0.478	0.458	0.435	0.417	0.417	0.417	0.36	0.324	0.353	0.485	0.419	0.375	0.375
Italian	0.049	0.075	0.0	0.122	0.128	0.073	0.128	0.195	0.238	0.238	0.162	0.162	0.189	0.194	0.143	0.229	0.143	0.143	0.211	0.214	0.214	0.179	0.214	0.282	0.282	0.259	0.222	0.207	0.32	0.32	0.375	0.375	0.316	0.263	0.297	0.27	0.406	0.522	0.357	0.423	0.478	0.455	0.4	0.478	0.478	0.478	0.458	0.435	0.417	0.417	0.417	0.36	0.343	0.371	0.485	0.419	0.375	0.375
Spanish	0.125	0.154	0.122	0.0	0.132	0.051	0.179	0.205	0.205	0.205	0.162	0.111	0.139	0.143	0.167	0.229	0.167	0.167	0.189	0.222	0.222	0.185	0.222	0.263	0.263	0.24	0.2	0.148	0.333	0.333	0.333	0.333	0.278	0.222	0.361	0.333	0.438	0.522	0.37	0.423	0.478	0.455	0.458	0.455	0.455	0.455	0.435	0.409	0.391	0.391	0.391	0.4	0.312	0.344	0.531	0.452	0.391	0.391
French	0.128	0.205	0.128	0.132	0.0	0.105	0.184	0.205	0.231	0.231	0.167	0.167	0.194	0.2	0.2	0.265	0.2	0.2	0.243	0.286	0.286	0.286	0.286	0.222	0.222	0.231	0.192	0.148	0.346	0.346	0.267	0.267	0.278	0.222	0.314	0.265	0.424	0.56	0.357	0.444	0.52	0.5	0.48	0.478	0.478	0.478	0.458	0.435	0.417	0.417	0.417	0.423	0.353	0.382	0.484	0.375	0.4	0.4
Portuguese	0.075	0.15	0.073	0.051	0.105	0.0	0.175	0.2	0.244	0.244	0.162	0.111	0.139	0.143	0.167	0.229	0.167	0.167	0.211	0.222	0.222	0.185	0.222	0.263	0.263	0.269	0.231	0.179	0.333	0.333	0.375	0.375	0.316	0.263	0.333	0.306	0.406	0.522	0.37	0.423	0.478	0.455	0.417	0.478	0.478	0.478	0.458	0.435	0.417	0.417	0.417	0.36	0.333	0.364	0.5	0.452	0.391	0.391
Romanian	0.154	0.135	0.128	0.179	0.184	0.175	0.0	0.184	0.256	0.256	0.222	0.194	0.222	0.229	0.167	0.25	0.194	0.194	0.211	0.259	0.259	0.259	0.259	0.297	0.297	0.269	0.231	0.179	0.333	0.333	0.375	0.375	0.368	0.316	0.353	0.324	0.516	0.565	0.37	0.462	0.522	0.5	0.458	0.522	0.522	0.522	0.5	0.478	0.458	0.458	0.458	0.4	0.344	0.375	0.516	0.5	0.391	0.391
Greek_Calabria	0.163	0.143	0.195	0.205	0.205	0.2	0.184	0.0	0.103	0.103	0.171	0.171	0.2	0.147	0.206	0.235	0.206	0.206	0.2	0.185	0.185	0.185	0.185	0.211	0.211	0.296	0.259	0.214	0.4	0.4	0.375	0.375	0.368	0.316	0.289	0.263	0.375	0.478	0.357	0.423	0.435	0.478	0.5	0.435	0.435	0.435	0.417	0.391	0.375	0.375	0.375	0.423	0.4	0.429	0.387	0.355	0.333	0.333
Greek	0.238	0.22	0.238	0.205	0.231	0.244	0.256	0.103	0.0	0.0	0.162	0.162	0.189	0.135	0.194	0.216	0.194	0.194	0.216	0.148	0.148	0.148	0.148	0.225	0.225	0.269	0.231	0.185	0.4	0.4	0.333	0.333	0.333	0.278	0.293	0.31	0.333	0.478	0.357	0.423	0.435	0.478	0.538	0.409	0.409	0.409	0.391	0.364	0.348	0.348	0.348	0.462	0.4	0.382	0.469	0.387	0.333	0.333
Greek_Cypriot	0.238	0.22	0.238	0.205	0.231	0.244	0.256	0.103	0.0	0.0	0.162	0.162	0.189	0.135	0.194	0.216	0.194	0.194	0.216	0.148	0.148	0.148	0.148	0.225	0.225	0.269	0.231	0.185	0.4	0.4	0.333	0.333	0.333	0.278	0.293	0.31	0.333	0.478	0.357	0.423	0.435	0.478	0.538	0.409	0.409	0.409	0.391	0.364	0.348	0.348	0.348	0.462	0.4	0.382	0.469	0.387	0.333	0.333
English	0.139	0.194	0.162	0.162	0.167	0.162	0.222	0.171	0.162	0.162	0.0	0.081	0.054	0.111	0.086	0.147	0.086	0.086	0.167	0.192	0.192	0.192	0.192	0.184	0.184	0.28	0.24	0.185	0.292	0.292	0.333	0.333	0.278	0.222	0.286	0.257	0.344	0.435	0.259	0.346	0.391	0.364	0.391	0.455	0.455	0.455	0.435	0.364	0.391	0.391	0.391	0.375	0.273	0.303	0.5	0.367	0.348	0.348
Dutch	0.139	0.194	0.162	0.111	0.167	0.111	0.194	0.171	0.162	0.162	0.081	0.0	0.028	0.029	0.083	0.118	0.083	0.083	0.139	0.154	0.154	0.154	0.154	0.184	0.184	0.24	0.2	0.148	0.25	0.25	0.333	0.333	0.278	0.222	0.314	0.286	0.406	0.478	0.296	0.385	0.435	0.409	0.435	0.5	0.5	0.5	0.478	0.409	0.435	0.435	0.435	0.417	0.281	0.312	0.5	0.433	0.304	0.304
Afrikaans	0.167	0.222	0.189	0.139	0.194	0.139	0.222	0.2	0.189	0.189	0.054	0.028	0.0	0.057	0.111	0.147	0.111	0.111	0.167	0.192	0.192	0.192	0.192	0.211	0.211	0.28	0.24	0.185	0.292	0.292	0.333	0.333	0.278	0.222	0.314	0.286	0.375	0.435	0.259	0.346	0.391	0.364	0.391	0.455	0.455	0.455	0.435	0.364	0.391	0.391	0.391	0.375	0.25	0.281	0.536	0.4	0.348	0.348
German	0.171	0.2	0.194	0.143	0.2	0.143	0.229	0.147	0.135	0.135	0.111	0.029	0.057	0.0	0.114	0.086	0.114	0.114	0.171	0.111	0.111	0.148	0.148	0.162	0.162	0.28	0.24	0.185	0.292	0.292	0.4	0.4	0.333	0.278	0.314	0.286	0.406	0.478	0.296	0.385	0.435	0.409	0.478	0.5	0.5	0.5	0.478	0.409	0.435	0.435	0.435	0.458	0.312	0.344	0.5	0.433	0.304	0.304
Danish	0.171	0.176	0.143	0.167	0.2	0.167	0.167	0.206	0.194	0.194	0.086	0.083	0.111	0.114	0.0	0.088	0.029	0.057	0.162	0.154	0.154	0.154	0.154	0.216	0.216	0.24	0.2	0.148	0.25	0.25	0.333	0.333	0.278	0.222	0.353	0.324	0.452	0.478	0.296	0.385	0.435	0.409	0.435	0.5	0.5	0.5	0.478	0.409	0.435	0.435	0.435	0.417	0.312	0.344	0.556	0.448	0.304	0.304
Icelandic	0.257	0.235	0.229	0.229	0.265	0.229	0.25	0.235	0.216	0.216	0.147	0.118	0.147	0.086	0.088	0.0	0.118	0.088	0.167	0.111	0.111	0.148	0.148	0.171	0.171	0.28	0.24	0.185	0.292	0.292	0.4	0.4	0.333	0.278	0.353	0.324	0.452	0.478	0.296	0.385	0.435	0.409	0.478	0.5	0.5	0.5	0.478	0.409	0.435	0.435	0.435	0.458	0.344	0.375	0.571	0.448	0.304	0.304
Faroese	0.171	0.176	0.143	0.167	0.2	0.167	0.194	0.206	0.194	0.194	0.086	0.083	0.111	0.114	0.029	0.118	0.0	0.029	0.189	0.154	0.154	0.154	0.154	0.216	0.216	0.24	0.2	0.148	0.25	0.25	0.333	0.333	0.278	0.222	0.353	0.324	0.452	0.478	0.296	0.385	0.435	0.409	0.435	0.5	0.5	0.5	0.478	0.409	0.435	0.435	0.435	0.417	0.312	0.344	0.556	0.448	0.304	0.304
Norwegian	0.171	0.176	0.143	0.167	0.2	0.167	0.194	0.206	0.194	0.194	0.086	0.083	0.111	0.114	0.057	0.088	0.029	0.0	0.162	0.154	0.154	0.154	0.154	0.216	0.216	0.24	0.2	0.148	0.25	0.25	0.333	0.333	0.278	0.222	0.353	0.324	0.452	0.478	0.296	0.385	0.435	0.409	0.435	0.5	0.5	0.5	0.478	0.409	0.435	0.435	0.435	0.417	0.312	0.344	0.556	0.448	0.304	0.304
Bulgarian	0.162	0.194	0.211	0.189	0.243	0.211	0.211	0.2	0.216	0.216	0.167	0.139	0.167	0.171	0.162	0.167	0.189	0.162	0.0	0.12	0.12	0.154	0.12	0.211	0.211	0.28	0.24	0.185	0.292	0.292	0.4	0.4	0.278	0.222	0.286	0.286	0.406	0.478	0.333	0.385	0.435	0.409	0.435	0.5	0.5	0.5	0.478	0.409	0.435	0.435	0.435	0.417	0.312	0.344	0.552	0.414	0.348	0.348
Serbo-Croatian	0.214	0.214	0.214	0.222	0.286	0.222	0.259	0.185	0.148	0.148	0.192	0.154	0.192	0.111	0.154	0.111	0.154	0.154	0.12	0.0	0.0	0.069	0.036	0.185	0.185	0.259	0.222	0.241	0.308	0.308	0.438	0.438	0.316	0.263	0.231	0.269	0.435	0.375	0.276	0.333	0.333	0.375	0.423	0.391	0.391	0.391	0.375	0.304	0.333	0.333	0.333	0.423	0.333	0.31	0.565	0.37	0.28	0.28
Slovenian	0.214	0.214	0.214	0.222	0.286	0.222	0.259	0.185	0.148	0.148	0.192	0.154	0.192	0.111	0.154	0.111	0.154	0.154	0.12	0.0	0.0	0.069	0.036	0.185	0.185	0.259	0.222	0.241	0.308	0.308	0.438	0.438	0.316	0.263	0.231	0.269	0.435	0.375	0.276	0.333	0.333	0.375	0.423	0.391	0.391	0.391	0.375	0.304	0.333	0.333	0.333	0.423	0.333	0.31	0.565	0.37	0.28	0.28
Polish	0.179	0.179	0.179	0.185	0.286	0.185	0.259	0.185	0.148	0.148	0.192	0.154	0.192	0.148	0.154	0.148	0.154	0.154	0.154	0.069	0.069	0.0	0.036	0.185	0.185	0.259	0.222	0.241	0.308	0.308	0.438	0.438	0.316	0.263	0.231	0.269	0.435	0.375	0.276	0.333	0.333	0.375	0.423	0.391	0.391	0.391	0.375	0.304	0.333	0.333	0.333	0.423	0.333	0.31	0.565	0.37	0.28	0.28
Russian	0.214	0.214	0.214	0.222	0.286	0.222	0.259	0.185	0.148	0.148	0.192	0.154	0.192	0.148	0.154	0.148	0.154	0.154	0.12	0.036	0.036	0.036	0.0	0.185	0.185	0.259	0.222	0.241	0.308	0.308	0.438	0.438	0.316	0.263	0.231	0.269	0.435	0.375	0.276	0.333	0.333	0.375	0.423	0.391	0.391	0.391	0.375	0.304	0.333	0.333	0.333	0.423	0.333	0.31	0.565	0.37	0.28	0.28
Irish	0.231	0.256	0.282	0.263	0.222	0.263	0.297	0.211	0.225	0.225	0.184	0.184	0.211	0.162	0.216	0.171	0.216	0.216	0.211	0.185	0.185	0.185	0.185	0.0	0.0	0.308	0.269	0.214	0.32	0.32	0.4	0.4	0.333	0.278	0.25	0.222	0.303	0.417	0.25	0.333	0.375	0.348	0.478	0.522	0.522	0.522	0.417	0.409	0.375	0.375	0.375	0.4	0.353	0.333	0.5	0.4	0.25	0.25
Welsh	0.231	0.256	0.282	0.263	0.222	0.263	0.297	0.211	0.225	0.225	0.184	0.184	0.211	0.162	0.216	0.171	0.216	0.216	0.211	0.185	0.185	0.185	0.185	0.0	0.0	0.308	0.269	0.214	0.32	0.32	0.4	0.4	0.333	0.278	0.25	0.222	0.303	0.417	0.25	0.333	0.375	0.348	0.478	0.522	0.522	0.522	0.417	0.409	0.375	0.375	0.375	0.4	0.353	0.333	0.5	0.4	0.25	0.25
Marathi	0.259	0.259	0.259	0.24	0.231	0.269	0.269	0.296	0.269	0.269	0.28	0.24	0.28	0.28	0.24	0.28	0.24	0.24	0.28	0.259	0.259	0.259	0.259	0.308	0.308	0.0	0.042	0.154	0.208	0.208	0.267	0.267	0.278	0.316	0.304	0.348	0.524	0.381	0.333	0.375	0.333	0.3	0.333	0.333	0.333	0.333	0.318	0.286	0.273	0.273	0.273	0.292	0.286	0.259	0.565	0.391	0.261	0.261
Hindi	0.222	0.222	0.222	0.2	0.192	0.231	0.231	0.259	0.231	0.231	0.24	0.2	0.24	0.24	0.2	0.24	0.2	0.2	0.24	0.222	0.222	0.222	0.222	0.269	0.269	0.042	0.0	0.185	0.208	0.208	0.2	0.2	0.316	0.263	0.261	0.304	0.476	0.409	0.296	0.4	0.364	0.333	0.333	0.333	0.333	0.333	0.318	0.286	0.273	0.273	0.273	0.292	0.31	0.286	0.522	0.417	0.261	0.261
Pashto	0.207	0.207	0.207	0.148	0.148	0.179	0.179	0.214	0.185	0.185	0.185	0.148	0.185	0.185	0.148	0.185	0.148	0.148	0.185	0.241	0.241	0.241	0.241	0.214	0.214	0.154	0.185	0.0	0.269	0.269	0.312	0.312	0.222	0.263	0.28	0.32	0.522	0.391	0.31	0.308	0.391	0.364	0.423	0.391	0.391	0.391	0.375	0.348	0.333	0.333	0.333	0.346	0.276	0.25	0.56	0.4	0.36	0.36
Tamil	0.32	0.32	0.32	0.333	0.346	0.333	0.333	0.4	0.4	0.4	0.292	0.25	0.292	0.292	0.25	0.292	0.25	0.25	0.292	0.308	0.308	0.308	0.308	0.32	0.32	0.208	0.208	0.269	0.0	0.0	0.333	0.333	0.368	0.368	0.348	0.318	0.524	0.409	0.346	0.417	0.364	0.333	0.348	0.381	0.381	0.381	0.364	0.286	0.318	0.318	0.318	0.273	0.321	0.296	0.652	0.44	0.217	0.217
Telugu	0.32	0.32	0.32	0.333	0.346	0.333	0.333	0.4	0.4	0.4	0.292	0.25	0.292	0.292	0.25	0.292	0.25	0.25	0.292	0.308	0.308	0.308	0.308	0.32	0.32	0.208	0.208	0.269	0.0	0.0	0.333	0.333	0.368	0.368	0.348	0.318	0.524	0.409	0.346	0.417	0.364	0.333	0.348	0.381	0.381	0.381	0.364	0.286	0.318	0.318	0.318	0.273	0.321	0.296	0.652	0.44	0.217	0.217
Mandarin	0.375	0.375	0.375	0.333	0.267	0.375	0.375	0.375	0.333	0.333	0.333	0.333	0.333	0.4	0.333	0.4	0.333	0.333	0.4	0.438	0.438	0.438	0.438	0.4	0.4	0.267	0.2	0.312	0.333	0.333	0.0	0.071	0.4	0.333	0.429	0.429	0.462	0.5	0.333	0.5	0.462	0.462	0.429	0.462	0.462	0.462	0.385	0.462	0.385	0.385	0.385	0.4	0.375	0.375	0.333	0.538	0.429	0.429
Cantonese	0.375	0.375	0.375	0.333	0.267	0.375	0.375	0.375	0.333	0.333	0.333	0.333	0.333	0.4	0.333	0.4	0.333	0.333	0.4	0.438	0.438	0.438	0.438	0.4	0.4	0.267	0.2	0.312	0.333	0.333	0.071	0.0	0.4	0.333	0.429	0.429	0.462	0.5	0.333	0.5	0.462	0.462	0.429	0.462	0.462	0.462	0.385	0.462	0.385	0.385	0.385	0.4	0.375	0.375	0.333	0.538	0.429	0.429
Japanese	0.316	0.316	0.316	0.278	0.278	0.316	0.368	0.368	0.333	0.333	0.278	0.278	0.278	0.333	0.278	0.333	0.278	0.278	0.278	0.316	0.316	0.316	0.316	0.333	0.333	0.278	0.316	0.222	0.368	0.368	0.4	0.4	0.0	0.1	0.353	0.412	0.562	0.438	0.333	0.353	0.438	0.438	0.421	0.529	0.529	0.529	0.412	0.375	0.412	0.412	0.412	0.45	0.222	0.222	0.667	0.375	0.471	0.471
Korean	0.263	0.263	0.263	0.222	0.222	0.263	0.316	0.316	0.278	0.278	0.222	0.222	0.222	0.278	0.222	0.278	0.222	0.222	0.222	0.263	0.263	0.263	0.263	0.278	0.278	0.316	0.263	0.263	0.368	0.368	0.333	0.333	0.1	0.0	0.294	0.353	0.5	0.471	0.278	0.389	0.471	0.471	0.421	0.529	0.529	0.529	0.412	0.375	0.412	0.412	0.412	0.45	0.263	0.263	0.6	0.412	0.471	0.471
Arabic	0.27	0.297	0.297	0.361	0.314	0.333	0.353	0.289	0.293	0.293	0.286	0.314	0.314	0.314	0.353	0.353	0.353	0.353	0.286	0.231	0.231	0.231	0.231	0.25	0.25	0.304	0.261	0.28	0.348	0.348	0.429	0.429	0.353	0.294	0.0	0.158	0.375	0.455	0.269	0.333	0.409	0.381	0.435	0.5	0.5	0.5	0.455	0.409	0.409	0.409	0.409	0.409	0.364	0.344	0.467	0.355	0.348	0.348
Hebrew	0.243	0.27	0.27	0.333	0.265	0.306	0.324	0.263	0.31	0.31	0.257	0.286	0.286	0.286	0.324	0.324	0.324	0.324	0.286	0.269	0.269	0.269	0.269	0.222	0.222	0.348	0.304	0.32	0.318	0.318	0.429	0.429	0.412	0.353	0.158	0.0	0.312	0.455	0.308	0.375	0.409	0.381	0.478	0.5	0.5	0.5	0.455	0.409	0.409	0.409	0.409	0.381	0.394	0.375	0.484	0.333	0.348	0.348
Hungarian	0.375	0.438	0.406	0.438	0.424	0.406	0.516	0.375	0.333	0.333	0.344	0.406	0.375	0.406	0.452	0.452	0.452	0.452	0.406	0.435	0.435	0.435	0.435	0.303	0.303	0.524	0.476	0.522	0.524	0.524	0.462	0.462	0.562	0.5	0.375	0.312	0.0	0.13	0.227	0.261	0.227	0.273	0.5	0.333	0.333	0.333	0.227	0.286	0.261	0.261	0.261	0.348	0.467	0.5	0.571	0.333	0.364	0.364
Khanty	0.522	0.522	0.522	0.522	0.56	0.522	0.565	0.478	0.478	0.478	0.435	0.478	0.435	0.478	0.478	0.478	0.478	0.478	0.478	0.375	0.375	0.375	0.375	0.417	0.417	0.381	0.409	0.391	0.409	0.409	0.5	0.5	0.438	0.471	0.455	0.455	0.13	0.0	0.25	0.208	0.174	0.217	0.381	0.304	0.304	0.304	0.13	0.182	0.167	0.167	0.167	0.25	0.348	0.391	0.667	0.28	0.304	0.304
Estonian	0.357	0.357	0.357	0.37	0.357	0.37	0.37	0.357	0.357	0.357	0.259	0.296	0.259	0.296	0.296	0.296	0.296	0.296	0.333	0.276	0.276	0.276	0.276	0.25	0.25	0.333	0.296	0.31	0.346	0.346	0.333	0.333	0.333	0.278	0.269	0.308	0.227	0.25	0.0	0.08	0.174	0.174	0.333	0.318	0.318	0.318	0.292	0.273	0.25	0.25	0.25	0.28	0.25	0.286	0.542	0.346	0.308	0.308
Finnish	0.423	0.423	0.423	0.423	0.444	0.423	0.462	0.423	0.423	0.423	0.346	0.385	0.346	0.385	0.385	0.385	0.385	0.385	0.385	0.333	0.333	0.333	0.333	0.333	0.333	0.375	0.4	0.308	0.417	0.417	0.5	0.5	0.353	0.389	0.333	0.375	0.261	0.208	0.08	0.0	0.174	0.174	0.348	0.304	0.304	0.304	0.28	0.261	0.24	0.24	0.24	0.231	0.28	0.32	0.591	0.308	0.375	0.375
Mari	0.478	0.478	0.478	0.478	0.52	0.478	0.522	0.435	0.435	0.435	0.391	0.435	0.391	0.435	0.435	0.435	0.435	0.435	0.435	0.333	0.333	0.333	0.333	0.375	0.375	0.333	0.364	0.391	0.364	0.364	0.462	0.462	0.438	0.471	0.409	0.409	0.227	0.174	0.174	0.174	0.0	0.048	0.333	0.227	0.227	0.227	0.208	0.182	0.167	0.167	0.167	0.25	0.304	0.348	0.6	0.28	0.304	0.304
Udmurt	0.455	0.455	0.455	0.455	0.5	0.455	0.5	0.478	0.478	0.478	0.364	0.409	0.364	0.409	0.409	0.409	0.409	0.409	0.409	0.375	0.375	0.375	0.375	0.348	0.348	0.3	0.333	0.364	0.333	0.333	0.462	0.462	0.438	0.471	0.381	0.381	0.273	0.217	0.174	0.174	0.048	0.0	0.3	0.273	0.273	0.273	0.25	0.227	0.208	0.208	0.208	0.217	0.273	0.318	0.6	0.32	0.348	0.348
Yukaghir	0.4	0.4	0.4	0.458	0.48	0.417	0.458	0.5	0.538	0.538	0.391	0.435	0.391	0.478	0.435	0.478	0.435	0.435	0.435	0.423	0.423	0.423	0.423	0.478	0.478	0.333	0.333	0.423	0.348	0.348	0.429	0.429	0.421	0.421	0.435	0.478	0.5	0.381	0.333	0.348	0.333	0.3	0.0	0.364	0.364	0.364	0.318	0.238	0.273	0.273	0.273	0.217	0.28	0.32	0.571	0.44	0.409	0.409
Even_1	0.478	0.478	0.478	0.455	0.478	0.478	0.522	0.435	0.409	0.409	0.455	0.5	0.455	0.5	0.5	0.5	0.5	0.5	0.5	0.391	0.391	0.391	0.391	0.522	0.522	0.333	0.333	0.391	0.381	0.381	0.462	0.462	0.529	0.529	0.5	0.5	0.333	0.304	0.318	0.304	0.227	0.273	0.364	0.0	0.0	0.0	0.174	0.136	0.13	0.13	0.13	0.25	0.417	0.458	0.619	0.32	0.409	0.409
Even_2	0.478	0.478	0.478	0.455	0.478	0.478	0.522	0.435	0.409	0.409	0.455	0.5	0.455	0.5	0.5	0.5	0.5	0.5	0.5	0.391	0.391	0.391	0.391	0.522	0.522	0.333	0.333	0.391	0.381	0.381	0.462	0.462	0.529	0.529	0.5	0.5	0.333	0.304	0.318	0.304	0.227	0.273	0.364	0.0	0.0	0.0	0.174	0.136	0.13	0.13	0.13	0.25	0.417	0.458	0.619	0.32	0.409	0.409
Evenki	0.478	0.478	0.478	0.455	0.478	0.478	0.522	0.435	0.409	0.409	0.455	0.5	0.455	0.5	0.5	0.5	0.5	0.5	0.5	0.391	0.391	0.391	0.391	0.522	0.522	0.333	0.333	0.391	0.381	0.381	0.462	0.462	0.529	0.529	0.5	0.5	0.333	0.304	0.318	0.304	0.227	0.273	0.364	0.0	0.0	0.0	0.174	0.136	0.13	0.13	0.13	0.25	0.417	0.458	0.619	0.32	0.409	0.409
Yakut	0.458	0.458	0.458	0.435	0.458	0.458	0.5	0.417	0.391	0.391	0.435	0.478	0.435	0.478	0.478	0.478	0.478	0.478	0.478	0.375	0.375	0.375	0.375	0.417	0.417	0.318	0.318	0.375	0.364	0.364	0.385	0.385	0.412	0.412	0.455	0.455	0.227	0.13	0.292	0.28	0.208	0.25	0.318	0.174	0.174	0.174	0.0	0.091	0.042	0.042	0.042	0.16	0.375	0.417	0.619	0.28	0.304	0.304
Uzbek	0.435	0.435	0.435	0.409	0.435	0.435	0.478	0.391	0.364	0.364	0.364	0.409	0.364	0.409	0.409	0.409	0.409	0.409	0.409	0.304	0.304	0.304	0.304	0.409	0.409	0.286	0.286	0.348	0.286	0.286	0.462	0.462	0.375	0.375	0.409	0.409	0.286	0.182	0.273	0.261	0.182	0.227	0.238	0.136	0.136	0.136	0.091	0.0	0.045	0.045	0.045	0.174	0.333	0.375	0.619	0.24	0.286	0.286
Kazakh	0.417	0.417	0.417	0.391	0.417	0.417	0.458	0.375	0.348	0.348	0.391	0.435	0.391	0.435	0.435	0.435	0.435	0.435	0.435	0.333	0.333	0.333	0.333	0.375	0.375	0.273	0.273	0.333	0.318	0.318	0.385	0.385	0.412	0.412	0.409	0.409	0.261	0.167	0.25	0.24	0.167	0.208	0.273	0.13	0.13	0.13	0.042	0.045	0.0	0.0	0.0	0.12	0.333	0.375	0.571	0.24	0.261	0.261
Kirghiz	0.417	0.417	0.417	0.391	0.417	0.417	0.458	0.375	0.348	0.348	0.391	0.435	0.391	0.435	0.435	0.435	0.435	0.435	0.435	0.333	0.333	0.333	0.333	0.375	0.375	0.273	0.273	0.333	0.318	0.318	0.385	0.385	0.412	0.412	0.409	0.409	0.261	0.167	0.25	0.24	0.167	0.208	0.273	0.13	0.13	0.13	0.042	0.045	0.0	0.0	0.0	0.12	0.333	0.375	0.571	0.24	0.261	0.261
Turkish	0.417	0.417	0.417	0.391	0.417	0.417	0.458	0.375	0.348	0.348	0.391	0.435	0.391	0.435	0.435	0.435	0.435	0.435	0.435	0.333	0.333	0.333	0.333	0.375	0.375	0.273	0.273	0.333	0.318	0.318	0.385	0.385	0.412	0.412	0.409	0.409	0.261	0.167	0.25	0.24	0.167	0.208	0.273	0.13	0.13	0.13	0.042	0.045	0.0	0.0	0.0	0.12	0.333	0.375	0.571	0.24	0.261	0.261
Buryat	0.36	0.36	0.36	0.4	0.423	0.36	0.4	0.423	0.462	0.462	0.375	0.417	0.375	0.458	0.417	0.458	0.417	0.417	0.417	0.423	0.423	0.423	0.423	0.4	0.4	0.292	0.292	0.346	0.273	0.273	0.4	0.4	0.45	0.45	0.409	0.381	0.348	0.25	0.28	0.231	0.25	0.217	0.217	0.25	0.25	0.25	0.16	0.174	0.12	0.12	0.12	0.0	0.32	0.36	0.524	0.346	0.304	0.304
Basque_Central	0.343	0.324	0.343	0.312	0.353	0.333	0.344	0.4	0.4	0.4	0.273	0.281	0.25	0.312	0.312	0.344	0.312	0.312	0.312	0.333	0.333	0.333	0.333	0.353	0.353	0.286	0.31	0.276	0.321	0.321	0.375	0.375	0.222	0.263	0.364	0.394	0.467	0.348	0.25	0.28	0.304	0.273	0.28	0.417	0.417	0.417	0.375	0.333	0.333	0.333	0.333	0.32	0.0	0.094	0.552	0.355	0.385	0.385
Basque_Western	0.371	0.353	0.371	0.344	0.382	0.364	0.375	0.429	0.382	0.382	0.303	0.312	0.281	0.344	0.344	0.375	0.344	0.344	0.344	0.31	0.31	0.31	0.31	0.333	0.333	0.259	0.286	0.25	0.296	0.296	0.375	0.375	0.222	0.263	0.344	0.375	0.5	0.391	0.286	0.32	0.348	0.318	0.32	0.458	0.458	0.458	0.417	0.375	0.375	0.375	0.375	0.36	0.094	0.0	0.586	0.438	0.36	0.36
Wolof	0.455	0.485	0.485	0.531	0.484	0.5	0.516	0.387	0.469	0.469	0.5	0.5	0.536	0.5	0.556	0.571	0.556	0.556	0.552	0.565	0.565	0.565	0.565	0.5	0.5	0.565	0.522	0.56	0.652	0.652	0.333	0.333	0.667	0.6	0.467	0.484	0.571	0.667	0.542	0.591	0.6	0.6	0.571	0.619	0.619	0.619	0.619	0.619	0.571	0.571	0.571	0.524	0.552	0.586	0.0	0.538	0.591	0.591
Malagasy	0.419	0.419	0.419	0.452	0.375	0.452	0.5	0.355	0.387	0.387	0.367	0.433	0.4	0.433	0.448	0.448	0.448	0.448	0.414	0.37	0.37	0.37	0.37	0.4	0.4	0.391	0.417	0.4	0.44	0.44	0.538	0.538	0.375	0.412	0.355	0.333	0.333	0.28	0.346	0.308	0.28	0.32	0.44	0.32	0.32	0.32	0.28	0.24	0.24	0.24	0.24	0.346	0.355	0.438	0.538	0.0	0.375	0.375
Archi	0.375	0.375	0.375	0.391	0.4	0.391	0.391	0.333	0.333	0.333	0.348	0.304	0.348	0.304	0.304	0.304	0.304	0.304	0.348	0.28	0.28	0.28	0.28	0.25	0.25	0.261	0.261	0.36	0.217	0.217	0.429	0.429	0.471	0.471	0.348	0.348	0.364	0.304	0.308	0.375	0.304	0.348	0.409	0.409	0.409	0.409	0.304	0.286	0.261	0.261	0.261	0.304	0.385	0.36	0.591	0.375	0.0	0.0
Lak	0.375	0.375	0.375	0.391	0.4	0.391	0.391	0.333	0.333	0.333	0.348	0.304	0.348	0.304	0.304	0.304	0.304	0.304	0.348	0.28	0.28	0.28	0.28	0.25	0.25	0.261	0.261	0.36	0.217	0.217	0.429	0.429	0.471	0.471	0.348	0.348	0.364	0.304	0.308	0.375	0.304	0.348	0.409	0.409	0.409	0.409	0.304	0.286	0.261	0.261	0.261	0.304	0.385	0.36	0.591	0.375	0.0	0.0
