Sic         	0.0	0.179	0.115	0.207	0.231	0.148	0.241	0.308	0.393	0.393	0.261	0.25	0.292	0.28	0.28	0.357	0.28	0.28	0.269	0.304	0.304	0.273	0.304	0.385	0.385	0.348	0.318	0.318	0.409	0.409	0.7	0.7	0.583	0.545	0.423	0.4	0.565	0.591	0.524	0.545	0.545	0.5	0.5	0.522	0.522	0.522	0.545	0.524	0.524	0.524	0.524	0.476	0.52	0.538	0.593	0.636	0.476	0.476
NCa         	0.179	0.0	0.143	0.226	0.31	0.233	0.2	0.269	0.357	0.357	0.32	0.308	0.346	0.308	0.269	0.321	0.269	0.269	0.286	0.304	0.304	0.273	0.304	0.407	0.407	0.348	0.318	0.318	0.409	0.409	0.7	0.7	0.583	0.545	0.444	0.423	0.6	0.591	0.524	0.545	0.545	0.5	0.5	0.522	0.522	0.522	0.545	0.524	0.524	0.524	0.524	0.476	0.48	0.5	0.607	0.636	0.476	0.476
It         	0.115	0.143	0.0	0.2	0.222	0.143	0.2	0.333	0.379	0.379	0.28	0.269	0.308	0.296	0.231	0.31	0.231	0.231	0.31	0.292	0.292	0.261	0.292	0.429	0.429	0.348	0.318	0.318	0.409	0.409	0.7	0.7	0.583	0.545	0.444	0.423	0.583	0.591	0.524	0.545	0.545	0.5	0.5	0.522	0.522	0.522	0.545	0.524	0.524	0.524	0.524	0.476	0.52	0.538	0.607	0.636	0.476	0.476
Sp         	0.207	0.226	0.2	0.0	0.214	0.103	0.25	0.321	0.31	0.31	0.28	0.2	0.24	0.231	0.269	0.31	0.269	0.269	0.276	0.292	0.292	0.261	0.292	0.393	0.393	0.304	0.273	0.238	0.409	0.409	0.6	0.6	0.5	0.455	0.483	0.464	0.6	0.591	0.524	0.545	0.545	0.5	0.522	0.478	0.478	0.478	0.5	0.476	0.476	0.476	0.476	0.5	0.44	0.462	0.621	0.652	0.476	0.476
Fr         	0.231	0.31	0.222	0.214	0.0	0.185	0.276	0.36	0.37	0.37	0.304	0.292	0.333	0.32	0.32	0.357	0.32	0.32	0.37	0.375	0.375	0.375	0.375	0.36	0.36	0.333	0.3	0.263	0.455	0.455	0.625	0.625	0.545	0.5	0.462	0.417	0.625	0.652	0.55	0.591	0.609	0.565	0.565	0.545	0.545	0.545	0.571	0.55	0.55	0.55	0.55	0.545	0.542	0.538	0.615	0.591	0.524	0.524
Ptg         	0.148	0.233	0.143	0.103	0.185	0.0	0.258	0.333	0.379	0.379	0.28	0.2	0.24	0.231	0.269	0.31	0.269	0.269	0.31	0.292	0.292	0.261	0.292	0.393	0.393	0.348	0.318	0.286	0.409	0.409	0.7	0.7	0.583	0.545	0.464	0.444	0.583	0.591	0.524	0.545	0.545	0.5	0.5	0.522	0.522	0.522	0.545	0.524	0.524	0.524	0.524	0.476	0.48	0.5	0.607	0.652	0.476	0.476
Rm         	0.241	0.2	0.2	0.25	0.276	0.258	0.0	0.296	0.367	0.367	0.333	0.296	0.333	0.321	0.25	0.312	0.276	0.267	0.281	0.333	0.333	0.333	0.333	0.414	0.414	0.348	0.318	0.286	0.409	0.409	0.7	0.7	0.615	0.583	0.448	0.429	0.63	0.609	0.524	0.565	0.565	0.522	0.522	0.542	0.542	0.542	0.565	0.545	0.545	0.545	0.545	0.5	0.48	0.5	0.607	0.667	0.476	0.476
CG         	0.308	0.269	0.333	0.321	0.36	0.333	0.296	0.0	0.2	0.2	0.304	0.292	0.333	0.25	0.32	0.333	0.32	0.32	0.308	0.273	0.273	0.273	0.273	0.36	0.36	0.391	0.364	0.318	0.478	0.478	0.7	0.7	0.615	0.583	0.462	0.44	0.565	0.571	0.524	0.545	0.524	0.545	0.583	0.5	0.5	0.5	0.524	0.5	0.5	0.5	0.5	0.545	0.625	0.64	0.52	0.6	0.45	0.45
Grk         	0.393	0.357	0.379	0.31	0.37	0.379	0.367	0.2	0.0	0.036	0.28	0.269	0.308	0.231	0.296	0.31	0.296	0.296	0.31	0.2	0.2	0.2	0.2	0.385	0.385	0.348	0.318	0.273	0.458	0.458	0.6	0.6	0.538	0.5	0.448	0.5	0.522	0.545	0.5	0.522	0.5	0.522	0.577	0.455	0.455	0.455	0.476	0.45	0.45	0.45	0.45	0.542	0.652	0.583	0.593	0.619	0.429	0.429
CyG         	0.393	0.357	0.379	0.31	0.37	0.379	0.367	0.2	0.036	0.0	0.28	0.269	0.308	0.231	0.296	0.31	0.296	0.296	0.31	0.2	0.2	0.2	0.2	0.385	0.385	0.348	0.318	0.273	0.458	0.458	0.6	0.6	0.538	0.5	0.448	0.5	0.522	0.545	0.5	0.522	0.5	0.522	0.577	0.455	0.455	0.455	0.476	0.45	0.45	0.45	0.45	0.542	0.652	0.583	0.593	0.619	0.429	0.429
E         	0.261	0.32	0.28	0.28	0.304	0.28	0.333	0.304	0.28	0.28	0.0	0.16	0.125	0.192	0.154	0.222	0.154	0.154	0.259	0.261	0.261	0.261	0.261	0.333	0.333	0.381	0.35	0.316	0.4	0.4	0.75	0.75	0.6	0.556	0.44	0.417	0.545	0.55	0.444	0.5	0.5	0.45	0.5	0.524	0.524	0.524	0.55	0.5	0.526	0.526	0.526	0.5	0.526	0.55	0.6	0.6	0.474	0.474
Du         	0.25	0.308	0.269	0.2	0.292	0.2	0.296	0.292	0.269	0.269	0.16	0.0	0.083	0.08	0.154	0.185	0.154	0.154	0.222	0.217	0.217	0.217	0.217	0.32	0.32	0.333	0.3	0.263	0.35	0.35	0.75	0.75	0.6	0.556	0.444	0.423	0.583	0.571	0.474	0.524	0.524	0.476	0.524	0.545	0.545	0.545	0.571	0.526	0.55	0.55	0.55	0.524	0.5	0.524	0.577	0.636	0.421	0.421
Afk         	0.292	0.346	0.308	0.24	0.333	0.24	0.333	0.333	0.308	0.308	0.125	0.083	0.0	0.12	0.192	0.222	0.192	0.192	0.259	0.261	0.261	0.261	0.261	0.36	0.36	0.381	0.35	0.316	0.4	0.4	0.75	0.75	0.6	0.556	0.462	0.44	0.565	0.55	0.444	0.5	0.5	0.45	0.5	0.524	0.524	0.524	0.55	0.5	0.526	0.526	0.526	0.5	0.474	0.5	0.615	0.619	0.474	0.474
D         	0.28	0.308	0.296	0.231	0.32	0.231	0.321	0.25	0.231	0.231	0.192	0.08	0.12	0.0	0.185	0.148	0.185	0.185	0.25	0.174	0.174	0.208	0.208	0.28	0.28	0.364	0.333	0.3	0.381	0.381	0.778	0.778	0.636	0.6	0.444	0.423	0.583	0.571	0.474	0.524	0.524	0.476	0.545	0.545	0.545	0.545	0.571	0.526	0.55	0.55	0.55	0.545	0.524	0.545	0.577	0.636	0.421	0.421
Da         	0.28	0.269	0.231	0.269	0.32	0.269	0.25	0.32	0.296	0.296	0.154	0.154	0.192	0.185	0.0	0.143	0.074	0.107	0.241	0.217	0.217	0.217	0.217	0.346	0.346	0.333	0.3	0.263	0.35	0.35	0.75	0.75	0.6	0.556	0.464	0.444	0.6	0.571	0.474	0.524	0.524	0.476	0.524	0.545	0.545	0.545	0.571	0.526	0.55	0.55	0.55	0.524	0.55	0.571	0.593	0.636	0.421	0.421
Ice         	0.357	0.321	0.31	0.31	0.357	0.31	0.312	0.333	0.31	0.31	0.222	0.185	0.222	0.148	0.143	0.0	0.172	0.138	0.226	0.174	0.174	0.208	0.208	0.259	0.259	0.364	0.333	0.3	0.381	0.381	0.778	0.778	0.636	0.6	0.448	0.429	0.6	0.571	0.474	0.524	0.524	0.476	0.545	0.545	0.545	0.545	0.571	0.526	0.55	0.55	0.55	0.545	0.571	0.591	0.607	0.636	0.421	0.421
FO         	0.28	0.269	0.231	0.269	0.32	0.269	0.276	0.32	0.296	0.296	0.154	0.154	0.192	0.185	0.074	0.172	0.0	0.071	0.267	0.217	0.217	0.217	0.217	0.346	0.346	0.333	0.3	0.263	0.35	0.35	0.75	0.75	0.6	0.556	0.464	0.444	0.6	0.571	0.474	0.524	0.524	0.476	0.524	0.545	0.545	0.545	0.571	0.526	0.55	0.55	0.55	0.524	0.55	0.571	0.593	0.636	0.421	0.421
Nor         	0.28	0.269	0.231	0.269	0.32	0.269	0.267	0.32	0.296	0.296	0.154	0.154	0.192	0.185	0.107	0.138	0.071	0.0	0.233	0.217	0.217	0.217	0.217	0.346	0.346	0.333	0.3	0.263	0.35	0.35	0.75	0.75	0.6	0.556	0.464	0.444	0.6	0.571	0.474	0.524	0.524	0.476	0.524	0.545	0.545	0.545	0.571	0.526	0.55	0.55	0.55	0.524	0.55	0.571	0.593	0.636	0.421	0.421
Blg         	0.269	0.286	0.31	0.276	0.37	0.31	0.281	0.308	0.31	0.31	0.259	0.222	0.259	0.25	0.241	0.226	0.267	0.233	0.0	0.167	0.167	0.208	0.167	0.333	0.333	0.364	0.333	0.3	0.381	0.381	0.778	0.778	0.6	0.556	0.393	0.393	0.583	0.571	0.5	0.524	0.524	0.476	0.524	0.545	0.545	0.545	0.571	0.526	0.55	0.55	0.55	0.524	0.524	0.545	0.63	0.619	0.45	0.45
SC         	0.304	0.304	0.292	0.292	0.375	0.292	0.333	0.273	0.2	0.2	0.261	0.217	0.261	0.174	0.217	0.174	0.217	0.217	0.167	0.0	0.043	0.125	0.083	0.286	0.286	0.381	0.35	0.381	0.409	0.409	0.8	0.8	0.636	0.6	0.333	0.381	0.524	0.5	0.45	0.476	0.45	0.476	0.545	0.5	0.5	0.5	0.526	0.471	0.5	0.5	0.5	0.545	0.611	0.526	0.636	0.579	0.4	0.4
Slo         	0.304	0.304	0.292	0.292	0.375	0.292	0.333	0.273	0.2	0.2	0.261	0.217	0.261	0.174	0.217	0.174	0.217	0.217	0.167	0.043	0.0	0.125	0.083	0.286	0.286	0.381	0.35	0.381	0.409	0.409	0.8	0.8	0.636	0.6	0.333	0.381	0.524	0.5	0.45	0.476	0.45	0.476	0.545	0.5	0.5	0.5	0.526	0.471	0.5	0.5	0.5	0.545	0.611	0.526	0.636	0.579	0.4	0.4
Po         	0.273	0.273	0.261	0.261	0.375	0.261	0.333	0.273	0.2	0.2	0.261	0.217	0.261	0.208	0.217	0.208	0.217	0.217	0.208	0.125	0.125	0.0	0.083	0.286	0.286	0.381	0.35	0.381	0.409	0.409	0.8	0.8	0.636	0.6	0.333	0.381	0.524	0.5	0.45	0.476	0.45	0.476	0.545	0.5	0.5	0.5	0.526	0.471	0.5	0.5	0.5	0.545	0.611	0.526	0.636	0.579	0.4	0.4
Rus         	0.304	0.304	0.292	0.292	0.375	0.292	0.333	0.273	0.2	0.2	0.261	0.217	0.261	0.208	0.217	0.208	0.217	0.217	0.167	0.083	0.083	0.083	0.0	0.286	0.286	0.381	0.35	0.381	0.409	0.409	0.8	0.8	0.636	0.6	0.333	0.381	0.524	0.5	0.45	0.476	0.45	0.476	0.545	0.5	0.5	0.5	0.526	0.471	0.5	0.5	0.5	0.545	0.611	0.526	0.636	0.579	0.4	0.4
Ir         	0.385	0.407	0.429	0.393	0.36	0.393	0.414	0.36	0.385	0.385	0.333	0.32	0.36	0.28	0.346	0.259	0.346	0.346	0.333	0.286	0.286	0.286	0.286	0.0	0.043	0.409	0.381	0.35	0.429	0.429	0.778	0.778	0.636	0.6	0.37	0.346	0.524	0.55	0.444	0.5	0.5	0.45	0.545	0.591	0.591	0.591	0.55	0.526	0.526	0.526	0.526	0.524	0.619	0.571	0.615	0.619	0.389	0.389
Wel         	0.385	0.407	0.429	0.393	0.36	0.393	0.414	0.36	0.385	0.385	0.333	0.32	0.36	0.28	0.346	0.259	0.346	0.346	0.333	0.286	0.286	0.286	0.286	0.043	0.0	0.409	0.381	0.35	0.429	0.429	0.778	0.778	0.636	0.6	0.37	0.346	0.524	0.55	0.444	0.5	0.5	0.45	0.545	0.591	0.591	0.591	0.55	0.526	0.526	0.526	0.526	0.524	0.619	0.571	0.615	0.619	0.389	0.389
Ma         	0.348	0.348	0.348	0.304	0.333	0.348	0.348	0.391	0.348	0.348	0.381	0.333	0.381	0.364	0.333	0.364	0.333	0.333	0.364	0.381	0.381	0.381	0.381	0.409	0.409	0.0	0.095	0.227	0.286	0.286	0.5	0.5	0.462	0.538	0.381	0.409	0.545	0.45	0.5	0.476	0.381	0.333	0.409	0.364	0.364	0.364	0.381	0.35	0.35	0.35	0.35	0.381	0.474	0.421	0.583	0.526	0.35	0.35
Hi         	0.318	0.318	0.318	0.273	0.3	0.318	0.318	0.364	0.318	0.318	0.35	0.3	0.35	0.333	0.3	0.333	0.3	0.3	0.333	0.35	0.35	0.35	0.35	0.381	0.381	0.095	0.0	0.273	0.286	0.286	0.444	0.444	0.538	0.5	0.35	0.381	0.524	0.5	0.474	0.524	0.429	0.381	0.409	0.364	0.364	0.364	0.381	0.35	0.35	0.35	0.35	0.381	0.526	0.474	0.565	0.579	0.35	0.35
Pas         	0.318	0.318	0.318	0.238	0.263	0.286	0.286	0.318	0.273	0.273	0.316	0.263	0.316	0.3	0.263	0.3	0.263	0.263	0.3	0.381	0.381	0.381	0.381	0.35	0.35	0.227	0.273	0.0	0.381	0.381	0.6	0.6	0.417	0.5	0.381	0.409	0.591	0.5	0.5	0.45	0.476	0.429	0.522	0.455	0.455	0.455	0.476	0.45	0.45	0.45	0.45	0.476	0.5	0.444	0.625	0.579	0.476	0.476
Ta         	0.409	0.409	0.409	0.409	0.455	0.409	0.409	0.478	0.458	0.458	0.4	0.35	0.4	0.381	0.35	0.381	0.35	0.35	0.381	0.409	0.409	0.409	0.409	0.429	0.429	0.286	0.286	0.381	0.0	0.053	0.75	0.75	0.727	0.727	0.409	0.381	0.545	0.5	0.5	0.524	0.429	0.381	0.409	0.429	0.429	0.429	0.45	0.389	0.421	0.421	0.421	0.333	0.556	0.474	0.696	0.632	0.3	0.3
Te         	0.409	0.409	0.409	0.409	0.455	0.409	0.409	0.478	0.458	0.458	0.4	0.35	0.4	0.381	0.35	0.381	0.35	0.35	0.381	0.409	0.409	0.409	0.409	0.429	0.429	0.286	0.286	0.381	0.053	0.0	0.75	0.75	0.727	0.727	0.409	0.381	0.545	0.5	0.5	0.524	0.429	0.381	0.409	0.429	0.429	0.429	0.45	0.389	0.421	0.421	0.421	0.333	0.556	0.474	0.696	0.632	0.3	0.3
Man         	0.7	0.7	0.7	0.6	0.625	0.7	0.7	0.7	0.6	0.6	0.75	0.75	0.75	0.778	0.75	0.778	0.75	0.75	0.778	0.8	0.8	0.8	0.8	0.778	0.778	0.5	0.444	0.6	0.75	0.75	0.0	0.182	0.538	0.5	0.778	0.778	0.778	0.8	0.75	0.8	0.7	0.7	0.636	0.636	0.636	0.636	0.6	0.636	0.6	0.6	0.6	0.7	0.778	0.778	0.455	0.727	0.778	0.778
Can         	0.7	0.7	0.7	0.6	0.625	0.7	0.7	0.7	0.6	0.6	0.75	0.75	0.75	0.778	0.75	0.778	0.75	0.75	0.778	0.8	0.8	0.8	0.8	0.778	0.778	0.5	0.444	0.6	0.75	0.75	0.182	0.0	0.538	0.5	0.778	0.778	0.778	0.8	0.75	0.8	0.7	0.7	0.636	0.636	0.636	0.636	0.6	0.636	0.6	0.6	0.6	0.7	0.778	0.778	0.455	0.727	0.778	0.778
Jap         	0.583	0.583	0.583	0.5	0.545	0.583	0.615	0.615	0.538	0.538	0.6	0.6	0.6	0.636	0.6	0.636	0.6	0.6	0.6	0.636	0.636	0.636	0.636	0.636	0.636	0.462	0.538	0.417	0.727	0.727	0.538	0.538	0.0	0.25	0.636	0.667	0.769	0.667	0.636	0.583	0.615	0.615	0.643	0.667	0.667	0.667	0.615	0.538	0.615	0.615	0.615	0.714	0.5	0.5	0.688	0.583	0.75	0.75
Kor         	0.545	0.545	0.545	0.455	0.5	0.545	0.583	0.583	0.5	0.5	0.556	0.556	0.556	0.6	0.556	0.6	0.556	0.556	0.556	0.6	0.6	0.6	0.6	0.6	0.6	0.538	0.5	0.5	0.727	0.727	0.5	0.5	0.25	0.0	0.6	0.636	0.75	0.75	0.6	0.667	0.692	0.692	0.643	0.667	0.667	0.667	0.615	0.538	0.615	0.615	0.615	0.714	0.6	0.6	0.667	0.667	0.75	0.75
Ar         	0.423	0.444	0.444	0.483	0.462	0.464	0.448	0.462	0.448	0.448	0.44	0.444	0.462	0.444	0.464	0.448	0.464	0.464	0.393	0.333	0.333	0.333	0.333	0.37	0.37	0.381	0.35	0.381	0.409	0.409	0.778	0.778	0.636	0.6	0.0	0.259	0.52	0.5	0.421	0.429	0.455	0.409	0.478	0.545	0.545	0.545	0.524	0.5	0.5	0.5	0.5	0.455	0.619	0.545	0.577	0.571	0.429	0.429
Heb         	0.4	0.423	0.423	0.464	0.417	0.444	0.429	0.44	0.5	0.5	0.417	0.423	0.44	0.423	0.444	0.429	0.444	0.444	0.393	0.381	0.381	0.381	0.381	0.346	0.346	0.409	0.381	0.409	0.381	0.381	0.778	0.778	0.667	0.636	0.259	0.0	0.5	0.524	0.474	0.476	0.476	0.429	0.522	0.545	0.545	0.545	0.524	0.5	0.5	0.5	0.5	0.429	0.636	0.591	0.615	0.55	0.45	0.45
Hu         	0.565	0.6	0.583	0.6	0.625	0.583	0.63	0.565	0.522	0.522	0.545	0.583	0.565	0.583	0.6	0.6	0.6	0.6	0.583	0.524	0.524	0.524	0.524	0.524	0.524	0.545	0.524	0.591	0.545	0.545	0.778	0.778	0.769	0.75	0.52	0.5	0.0	0.2	0.353	0.333	0.273	0.304	0.478	0.364	0.364	0.364	0.3	0.35	0.35	0.35	0.35	0.409	0.714	0.696	0.68	0.5	0.474	0.474
KhB         	0.591	0.591	0.591	0.591	0.652	0.591	0.609	0.571	0.545	0.545	0.55	0.571	0.55	0.571	0.571	0.571	0.571	0.571	0.571	0.5	0.5	0.5	0.5	0.55	0.55	0.45	0.5	0.5	0.5	0.5	0.8	0.8	0.667	0.75	0.5	0.524	0.2	0.0	0.412	0.3	0.238	0.273	0.429	0.381	0.381	0.381	0.222	0.278	0.278	0.278	0.278	0.35	0.562	0.556	0.682	0.4	0.444	0.444
Est         	0.524	0.524	0.524	0.524	0.55	0.524	0.524	0.524	0.5	0.5	0.444	0.474	0.444	0.474	0.474	0.474	0.474	0.474	0.5	0.45	0.45	0.45	0.45	0.444	0.444	0.5	0.474	0.5	0.5	0.5	0.75	0.75	0.636	0.6	0.421	0.474	0.353	0.412	0.0	0.176	0.294	0.294	0.474	0.444	0.444	0.444	0.471	0.438	0.438	0.438	0.438	0.444	0.533	0.529	0.7	0.588	0.474	0.474
Fin         	0.545	0.545	0.545	0.545	0.591	0.545	0.565	0.545	0.522	0.522	0.5	0.524	0.5	0.524	0.524	0.524	0.524	0.524	0.524	0.476	0.476	0.476	0.476	0.5	0.5	0.476	0.524	0.45	0.524	0.524	0.8	0.8	0.583	0.667	0.429	0.476	0.333	0.3	0.176	0.0	0.238	0.238	0.429	0.381	0.381	0.381	0.4	0.368	0.368	0.368	0.368	0.35	0.5	0.5	0.667	0.45	0.5	0.5
mM         	0.545	0.545	0.545	0.545	0.609	0.545	0.565	0.524	0.5	0.5	0.5	0.524	0.5	0.524	0.524	0.524	0.524	0.524	0.524	0.45	0.45	0.45	0.45	0.5	0.5	0.381	0.429	0.476	0.429	0.429	0.7	0.7	0.615	0.692	0.455	0.476	0.273	0.238	0.294	0.238	0.0	0.091	0.364	0.273	0.273	0.273	0.286	0.25	0.25	0.25	0.25	0.318	0.471	0.474	0.619	0.381	0.4	0.4
Ud         	0.5	0.5	0.5	0.5	0.565	0.5	0.522	0.545	0.522	0.522	0.45	0.476	0.45	0.476	0.476	0.476	0.476	0.476	0.476	0.476	0.476	0.476	0.476	0.45	0.45	0.333	0.381	0.429	0.381	0.381	0.7	0.7	0.615	0.692	0.409	0.429	0.304	0.273	0.294	0.238	0.091	0.0	0.318	0.304	0.304	0.304	0.318	0.286	0.286	0.286	0.286	0.273	0.412	0.421	0.619	0.409	0.429	0.429
Yu         	0.5	0.5	0.5	0.522	0.565	0.5	0.522	0.583	0.577	0.577	0.5	0.524	0.5	0.545	0.524	0.545	0.524	0.524	0.524	0.545	0.545	0.545	0.545	0.545	0.545	0.409	0.409	0.522	0.409	0.409	0.636	0.636	0.643	0.643	0.478	0.522	0.478	0.429	0.474	0.429	0.364	0.318	0.0	0.391	0.391	0.391	0.364	0.286	0.333	0.333	0.333	0.273	0.471	0.474	0.591	0.571	0.455	0.455
Ev1         	0.522	0.522	0.522	0.478	0.545	0.522	0.542	0.5	0.455	0.455	0.524	0.545	0.524	0.545	0.545	0.545	0.545	0.545	0.545	0.5	0.5	0.5	0.5	0.591	0.591	0.364	0.364	0.455	0.429	0.429	0.636	0.636	0.667	0.667	0.545	0.545	0.364	0.381	0.444	0.381	0.273	0.304	0.391	0.0	0.048	0.048	0.227	0.19	0.19	0.19	0.19	0.318	0.611	0.632	0.636	0.45	0.476	0.476
Ev2         	0.522	0.522	0.522	0.478	0.545	0.522	0.542	0.5	0.455	0.455	0.524	0.545	0.524	0.545	0.545	0.545	0.545	0.545	0.545	0.5	0.5	0.5	0.5	0.591	0.591	0.364	0.364	0.455	0.429	0.429	0.636	0.636	0.667	0.667	0.545	0.545	0.364	0.381	0.444	0.381	0.273	0.304	0.391	0.048	0.0	0.048	0.227	0.19	0.19	0.19	0.19	0.318	0.611	0.632	0.636	0.45	0.476	0.476
Ek         	0.522	0.522	0.522	0.478	0.545	0.522	0.542	0.5	0.455	0.455	0.524	0.545	0.524	0.545	0.545	0.545	0.545	0.545	0.545	0.5	0.5	0.5	0.5	0.591	0.591	0.364	0.364	0.455	0.429	0.429	0.636	0.636	0.667	0.667	0.545	0.545	0.364	0.381	0.444	0.381	0.273	0.304	0.391	0.048	0.048	0.0	0.227	0.19	0.19	0.19	0.19	0.318	0.611	0.632	0.636	0.45	0.476	0.476
Ya         	0.545	0.545	0.545	0.5	0.571	0.545	0.565	0.524	0.476	0.476	0.55	0.571	0.55	0.571	0.571	0.571	0.571	0.571	0.571	0.526	0.526	0.526	0.526	0.55	0.55	0.381	0.381	0.476	0.45	0.45	0.6	0.6	0.615	0.615	0.524	0.524	0.3	0.222	0.471	0.4	0.286	0.318	0.364	0.227	0.227	0.227	0.0	0.15	0.105	0.105	0.105	0.25	0.588	0.611	0.636	0.421	0.421	0.421
Uz         	0.524	0.524	0.524	0.476	0.55	0.524	0.545	0.5	0.45	0.45	0.5	0.526	0.5	0.526	0.526	0.526	0.526	0.526	0.526	0.471	0.471	0.471	0.471	0.526	0.526	0.35	0.35	0.45	0.389	0.389	0.636	0.636	0.538	0.538	0.5	0.5	0.35	0.278	0.438	0.368	0.25	0.286	0.286	0.19	0.19	0.19	0.15	0.0	0.105	0.105	0.105	0.25	0.562	0.588	0.636	0.389	0.389	0.389
Kaz         	0.524	0.524	0.524	0.476	0.55	0.524	0.545	0.5	0.45	0.45	0.526	0.55	0.526	0.55	0.55	0.55	0.55	0.55	0.55	0.5	0.5	0.5	0.5	0.526	0.526	0.35	0.35	0.45	0.421	0.421	0.6	0.6	0.615	0.615	0.5	0.5	0.35	0.278	0.438	0.368	0.25	0.286	0.333	0.19	0.19	0.19	0.105	0.105	0.0	0.056	0.056	0.211	0.562	0.588	0.619	0.389	0.389	0.389
Kyr         	0.524	0.524	0.524	0.476	0.55	0.524	0.545	0.5	0.45	0.45	0.526	0.55	0.526	0.55	0.55	0.55	0.55	0.55	0.55	0.5	0.5	0.5	0.5	0.526	0.526	0.35	0.35	0.45	0.421	0.421	0.6	0.6	0.615	0.615	0.5	0.5	0.35	0.278	0.438	0.368	0.25	0.286	0.333	0.19	0.19	0.19	0.105	0.105	0.056	0.0	0.056	0.211	0.562	0.588	0.619	0.389	0.389	0.389
Tur         	0.524	0.524	0.524	0.476	0.55	0.524	0.545	0.5	0.45	0.45	0.526	0.55	0.526	0.55	0.55	0.55	0.55	0.55	0.55	0.5	0.5	0.5	0.5	0.526	0.526	0.35	0.35	0.45	0.421	0.421	0.6	0.6	0.615	0.615	0.5	0.5	0.35	0.278	0.438	0.368	0.25	0.286	0.333	0.19	0.19	0.19	0.105	0.105	0.056	0.056	0.0	0.211	0.562	0.588	0.619	0.389	0.389	0.389
Bur         	0.476	0.476	0.476	0.5	0.545	0.476	0.5	0.545	0.542	0.542	0.5	0.524	0.5	0.545	0.524	0.545	0.524	0.524	0.524	0.545	0.545	0.545	0.545	0.524	0.524	0.381	0.381	0.476	0.333	0.333	0.7	0.7	0.714	0.714	0.455	0.429	0.409	0.35	0.444	0.35	0.318	0.273	0.273	0.318	0.318	0.318	0.25	0.25	0.211	0.211	0.211	0.0	0.529	0.526	0.6	0.5	0.4	0.4
cB         	0.52	0.48	0.52	0.44	0.542	0.48	0.48	0.625	0.652	0.652	0.526	0.5	0.474	0.524	0.55	0.571	0.55	0.55	0.524	0.611	0.611	0.611	0.611	0.619	0.619	0.474	0.526	0.5	0.556	0.556	0.778	0.778	0.5	0.6	0.619	0.636	0.714	0.562	0.533	0.5	0.471	0.412	0.471	0.611	0.611	0.611	0.588	0.562	0.562	0.562	0.562	0.529	0.0	0.2	0.708	0.632	0.611	0.611
wB         	0.538	0.5	0.538	0.462	0.538	0.5	0.5	0.64	0.583	0.583	0.55	0.524	0.5	0.545	0.571	0.591	0.571	0.571	0.545	0.526	0.526	0.526	0.526	0.571	0.571	0.421	0.474	0.444	0.474	0.474	0.778	0.778	0.5	0.6	0.545	0.591	0.696	0.556	0.529	0.5	0.474	0.421	0.474	0.632	0.632	0.632	0.611	0.588	0.588	0.588	0.588	0.526	0.2	0.0	0.72	0.682	0.526	0.526
Wo         	0.593	0.607	0.607	0.621	0.615	0.607	0.607	0.52	0.593	0.593	0.6	0.577	0.615	0.577	0.593	0.607	0.593	0.593	0.63	0.636	0.636	0.636	0.636	0.615	0.615	0.583	0.565	0.625	0.696	0.696	0.455	0.455	0.688	0.667	0.577	0.615	0.68	0.682	0.7	0.667	0.619	0.619	0.591	0.636	0.636	0.636	0.636	0.636	0.619	0.619	0.619	0.6	0.708	0.72	0.0	0.652	0.667	0.667
Mal         	0.636	0.636	0.636	0.652	0.591	0.652	0.667	0.6	0.619	0.619	0.6	0.636	0.619	0.636	0.636	0.636	0.636	0.636	0.619	0.579	0.579	0.579	0.579	0.619	0.619	0.526	0.579	0.579	0.632	0.632	0.727	0.727	0.583	0.667	0.571	0.55	0.5	0.4	0.588	0.45	0.381	0.409	0.571	0.45	0.45	0.45	0.421	0.389	0.389	0.389	0.389	0.5	0.632	0.682	0.652	0.0	0.556	0.556
Arc         	0.476	0.476	0.476	0.476	0.524	0.476	0.476	0.45	0.429	0.429	0.474	0.421	0.474	0.421	0.421	0.421	0.421	0.421	0.45	0.4	0.4	0.4	0.4	0.389	0.389	0.35	0.35	0.476	0.3	0.3	0.778	0.778	0.75	0.75	0.429	0.45	0.474	0.444	0.474	0.5	0.4	0.429	0.455	0.476	0.476	0.476	0.421	0.389	0.389	0.389	0.389	0.4	0.611	0.526	0.667	0.556	0.0	0.059
Lak         	0.476	0.476	0.476	0.476	0.524	0.476	0.476	0.45	0.429	0.429	0.474	0.421	0.474	0.421	0.421	0.421	0.421	0.421	0.45	0.4	0.4	0.4	0.4	0.389	0.389	0.35	0.35	0.476	0.3	0.3	0.778	0.778	0.75	0.75	0.429	0.45	0.474	0.444	0.474	0.5	0.4	0.429	0.455	0.476	0.476	0.476	0.421	0.389	0.389	0.389	0.389	0.4	0.611	0.526	0.667	0.556	0.059	0.0
