Sic         	0.0	0.114	0.071	0.146	0.15	0.098	0.175	0.182	0.256	0.256	0.162	0.162	0.189	0.194	0.194	0.278	0.194	0.194	0.184	0.241	0.241	0.207	0.241	0.25	0.25	0.286	0.25	0.233	0.346	0.346	0.412	0.412	0.35	0.3	0.289	0.263	0.394	0.542	0.379	0.444	0.5	0.478	0.423	0.5	0.5	0.5	0.48	0.458	0.44	0.44	0.44	0.385	0.361	0.389	0.471	0.438	0.4	0.4
NCa         	0.114	0.0	0.098	0.175	0.225	0.171	0.158	0.163	0.238	0.238	0.216	0.216	0.243	0.222	0.2	0.257	0.2	0.2	0.216	0.241	0.241	0.207	0.241	0.275	0.275	0.286	0.25	0.233	0.346	0.346	0.412	0.412	0.35	0.3	0.316	0.289	0.455	0.542	0.379	0.444	0.5	0.478	0.423	0.5	0.5	0.5	0.48	0.458	0.44	0.44	0.44	0.385	0.343	0.371	0.5	0.438	0.4	0.4
It         	0.071	0.098	0.0	0.143	0.15	0.095	0.15	0.214	0.256	0.256	0.184	0.184	0.211	0.216	0.167	0.25	0.167	0.167	0.231	0.241	0.241	0.207	0.241	0.3	0.3	0.286	0.25	0.233	0.346	0.346	0.412	0.412	0.35	0.3	0.316	0.289	0.424	0.542	0.379	0.444	0.5	0.478	0.423	0.5	0.5	0.5	0.48	0.458	0.44	0.44	0.44	0.385	0.361	0.389	0.5	0.438	0.4	0.4
Sp         	0.146	0.175	0.143	0.0	0.154	0.075	0.2	0.225	0.225	0.225	0.184	0.135	0.162	0.167	0.189	0.25	0.189	0.189	0.211	0.25	0.25	0.214	0.25	0.282	0.282	0.269	0.231	0.179	0.36	0.36	0.375	0.375	0.316	0.263	0.378	0.351	0.455	0.542	0.393	0.444	0.5	0.478	0.48	0.478	0.478	0.478	0.458	0.435	0.417	0.417	0.417	0.423	0.333	0.364	0.545	0.469	0.417	0.417
Fr         	0.15	0.225	0.15	0.154	0.0	0.128	0.205	0.225	0.25	0.25	0.189	0.189	0.216	0.222	0.222	0.286	0.222	0.222	0.263	0.31	0.31	0.31	0.31	0.243	0.243	0.259	0.222	0.179	0.37	0.37	0.312	0.312	0.316	0.263	0.333	0.286	0.441	0.577	0.379	0.464	0.538	0.52	0.5	0.5	0.5	0.5	0.48	0.458	0.44	0.44	0.44	0.444	0.371	0.4	0.5	0.394	0.423	0.423
Ptg         	0.098	0.171	0.095	0.075	0.128	0.0	0.195	0.22	0.262	0.262	0.184	0.135	0.162	0.167	0.189	0.25	0.189	0.189	0.231	0.25	0.25	0.214	0.25	0.282	0.282	0.296	0.259	0.207	0.36	0.36	0.412	0.412	0.35	0.3	0.351	0.324	0.424	0.542	0.393	0.444	0.5	0.478	0.44	0.5	0.5	0.5	0.48	0.458	0.44	0.44	0.44	0.385	0.353	0.382	0.515	0.469	0.417	0.417
Rm         	0.175	0.158	0.15	0.2	0.205	0.195	0.0	0.205	0.275	0.275	0.243	0.216	0.243	0.25	0.189	0.27	0.216	0.216	0.231	0.286	0.286	0.286	0.286	0.316	0.316	0.296	0.259	0.207	0.36	0.36	0.412	0.412	0.4	0.35	0.371	0.343	0.531	0.583	0.393	0.481	0.542	0.522	0.48	0.542	0.542	0.542	0.52	0.5	0.48	0.48	0.48	0.423	0.364	0.394	0.531	0.516	0.417	0.417
CG         	0.182	0.163	0.214	0.225	0.225	0.22	0.205	0.0	0.125	0.125	0.194	0.194	0.222	0.171	0.229	0.257	0.229	0.229	0.222	0.214	0.214	0.214	0.214	0.231	0.231	0.321	0.286	0.241	0.423	0.423	0.412	0.412	0.4	0.35	0.308	0.282	0.394	0.5	0.379	0.444	0.458	0.5	0.519	0.458	0.458	0.458	0.44	0.417	0.4	0.4	0.4	0.444	0.417	0.444	0.406	0.375	0.36	0.36
Grk         	0.256	0.238	0.256	0.225	0.25	0.262	0.275	0.125	0.0	0.024	0.184	0.184	0.211	0.158	0.216	0.237	0.216	0.216	0.237	0.179	0.179	0.179	0.179	0.244	0.244	0.296	0.259	0.214	0.423	0.423	0.375	0.375	0.368	0.316	0.31	0.326	0.353	0.5	0.379	0.444	0.458	0.5	0.556	0.435	0.435	0.435	0.417	0.391	0.375	0.375	0.375	0.481	0.417	0.4	0.485	0.406	0.36	0.36
CyG         	0.256	0.238	0.256	0.225	0.25	0.262	0.275	0.125	0.024	0.0	0.184	0.184	0.211	0.158	0.216	0.237	0.216	0.216	0.237	0.179	0.179	0.179	0.179	0.244	0.244	0.296	0.259	0.214	0.423	0.423	0.375	0.375	0.368	0.316	0.31	0.326	0.353	0.5	0.379	0.444	0.458	0.5	0.556	0.435	0.435	0.435	0.417	0.391	0.375	0.375	0.375	0.481	0.417	0.4	0.485	0.406	0.36	0.36
E         	0.162	0.216	0.184	0.184	0.189	0.184	0.243	0.194	0.184	0.184	0.0	0.105	0.079	0.135	0.111	0.171	0.111	0.111	0.189	0.222	0.222	0.222	0.222	0.205	0.205	0.308	0.269	0.214	0.32	0.32	0.375	0.375	0.316	0.263	0.306	0.278	0.364	0.458	0.286	0.37	0.417	0.391	0.417	0.478	0.478	0.478	0.458	0.391	0.417	0.417	0.417	0.4	0.294	0.324	0.517	0.387	0.375	0.375
Du         	0.162	0.216	0.184	0.135	0.189	0.135	0.216	0.194	0.184	0.184	0.105	0.0	0.054	0.056	0.108	0.143	0.108	0.108	0.162	0.185	0.185	0.185	0.185	0.205	0.205	0.269	0.231	0.179	0.28	0.28	0.375	0.375	0.316	0.263	0.333	0.306	0.424	0.5	0.321	0.407	0.458	0.435	0.458	0.522	0.522	0.522	0.5	0.435	0.458	0.458	0.458	0.44	0.303	0.333	0.517	0.452	0.333	0.333
Afk         	0.189	0.243	0.211	0.162	0.216	0.162	0.243	0.222	0.211	0.211	0.079	0.054	0.0	0.083	0.135	0.171	0.135	0.135	0.189	0.222	0.222	0.222	0.222	0.231	0.231	0.308	0.269	0.214	0.32	0.32	0.375	0.375	0.316	0.263	0.333	0.306	0.394	0.458	0.286	0.37	0.417	0.391	0.417	0.478	0.478	0.478	0.458	0.391	0.417	0.417	0.417	0.4	0.273	0.303	0.552	0.419	0.375	0.375
D         	0.194	0.222	0.216	0.167	0.222	0.167	0.25	0.171	0.158	0.158	0.135	0.056	0.083	0.0	0.139	0.111	0.139	0.139	0.194	0.143	0.143	0.179	0.179	0.184	0.184	0.308	0.269	0.214	0.32	0.32	0.438	0.438	0.368	0.316	0.333	0.306	0.424	0.5	0.321	0.407	0.458	0.435	0.5	0.522	0.522	0.522	0.5	0.435	0.458	0.458	0.458	0.48	0.333	0.364	0.517	0.452	0.333	0.333
Da         	0.194	0.2	0.167	0.189	0.222	0.189	0.189	0.229	0.216	0.216	0.111	0.108	0.135	0.139	0.0	0.114	0.056	0.083	0.184	0.185	0.185	0.185	0.185	0.237	0.237	0.269	0.231	0.179	0.28	0.28	0.375	0.375	0.316	0.263	0.371	0.343	0.469	0.5	0.321	0.407	0.458	0.435	0.458	0.522	0.522	0.522	0.5	0.435	0.458	0.458	0.458	0.44	0.333	0.364	0.571	0.467	0.333	0.333
Ice         	0.278	0.257	0.25	0.25	0.286	0.25	0.27	0.257	0.237	0.237	0.171	0.143	0.171	0.111	0.114	0.0	0.143	0.114	0.189	0.143	0.143	0.179	0.179	0.194	0.194	0.308	0.269	0.214	0.32	0.32	0.438	0.438	0.368	0.316	0.371	0.343	0.469	0.5	0.321	0.407	0.458	0.435	0.5	0.522	0.522	0.522	0.5	0.435	0.458	0.458	0.458	0.48	0.364	0.394	0.586	0.467	0.333	0.333
FO         	0.194	0.2	0.167	0.189	0.222	0.189	0.216	0.229	0.216	0.216	0.111	0.108	0.135	0.139	0.056	0.143	0.0	0.057	0.211	0.185	0.185	0.185	0.185	0.237	0.237	0.269	0.231	0.179	0.28	0.28	0.375	0.375	0.316	0.263	0.371	0.343	0.469	0.5	0.321	0.407	0.458	0.435	0.458	0.522	0.522	0.522	0.5	0.435	0.458	0.458	0.458	0.44	0.333	0.364	0.571	0.467	0.333	0.333
Nor         	0.194	0.2	0.167	0.189	0.222	0.189	0.216	0.229	0.216	0.216	0.111	0.108	0.135	0.139	0.083	0.114	0.057	0.0	0.184	0.185	0.185	0.185	0.185	0.237	0.237	0.269	0.231	0.179	0.28	0.28	0.375	0.375	0.316	0.263	0.371	0.343	0.469	0.5	0.321	0.407	0.458	0.435	0.458	0.522	0.522	0.522	0.5	0.435	0.458	0.458	0.458	0.44	0.333	0.364	0.571	0.467	0.333	0.333
Blg         	0.184	0.216	0.231	0.211	0.263	0.231	0.231	0.222	0.237	0.237	0.189	0.162	0.189	0.194	0.184	0.189	0.211	0.184	0.0	0.154	0.154	0.185	0.154	0.231	0.231	0.308	0.269	0.214	0.32	0.32	0.438	0.438	0.316	0.263	0.306	0.306	0.424	0.5	0.357	0.407	0.458	0.435	0.458	0.522	0.522	0.522	0.5	0.435	0.458	0.458	0.458	0.44	0.333	0.364	0.567	0.433	0.375	0.375
SC         	0.241	0.241	0.241	0.25	0.31	0.25	0.286	0.214	0.179	0.179	0.222	0.185	0.222	0.143	0.185	0.143	0.185	0.185	0.154	0.0	0.034	0.1	0.069	0.214	0.214	0.286	0.25	0.267	0.333	0.333	0.471	0.471	0.35	0.3	0.259	0.296	0.458	0.4	0.3	0.357	0.36	0.4	0.444	0.417	0.417	0.417	0.4	0.333	0.36	0.36	0.36	0.444	0.355	0.333	0.583	0.393	0.308	0.308
Slo         	0.241	0.241	0.241	0.25	0.31	0.25	0.286	0.214	0.179	0.179	0.222	0.185	0.222	0.143	0.185	0.143	0.185	0.185	0.154	0.034	0.0	0.1	0.069	0.214	0.214	0.286	0.25	0.267	0.333	0.333	0.471	0.471	0.35	0.3	0.259	0.296	0.458	0.4	0.3	0.357	0.36	0.4	0.444	0.417	0.417	0.417	0.4	0.333	0.36	0.36	0.36	0.444	0.355	0.333	0.583	0.393	0.308	0.308
Po         	0.207	0.207	0.207	0.214	0.31	0.214	0.286	0.214	0.179	0.179	0.222	0.185	0.222	0.179	0.185	0.179	0.185	0.185	0.185	0.1	0.1	0.0	0.069	0.214	0.214	0.286	0.25	0.267	0.333	0.333	0.471	0.471	0.35	0.3	0.259	0.296	0.458	0.4	0.3	0.357	0.36	0.4	0.444	0.417	0.417	0.417	0.4	0.333	0.36	0.36	0.36	0.444	0.355	0.333	0.583	0.393	0.308	0.308
Rus         	0.241	0.241	0.241	0.25	0.31	0.25	0.286	0.214	0.179	0.179	0.222	0.185	0.222	0.179	0.185	0.179	0.185	0.185	0.154	0.069	0.069	0.069	0.0	0.214	0.214	0.286	0.25	0.267	0.333	0.333	0.471	0.471	0.35	0.3	0.259	0.296	0.458	0.4	0.3	0.357	0.36	0.4	0.444	0.417	0.417	0.417	0.4	0.333	0.36	0.36	0.36	0.444	0.355	0.333	0.583	0.393	0.308	0.308
Ir         	0.25	0.275	0.3	0.282	0.243	0.282	0.316	0.231	0.244	0.244	0.205	0.205	0.231	0.184	0.237	0.194	0.237	0.237	0.231	0.214	0.214	0.214	0.214	0.0	0.026	0.333	0.296	0.241	0.346	0.346	0.438	0.438	0.368	0.316	0.27	0.243	0.324	0.44	0.276	0.357	0.4	0.375	0.5	0.542	0.542	0.542	0.44	0.435	0.4	0.4	0.4	0.423	0.371	0.353	0.516	0.419	0.28	0.28
Wel         	0.25	0.275	0.3	0.282	0.243	0.282	0.316	0.231	0.244	0.244	0.205	0.205	0.231	0.184	0.237	0.194	0.237	0.237	0.231	0.214	0.214	0.214	0.214	0.026	0.0	0.333	0.296	0.241	0.346	0.346	0.438	0.438	0.368	0.316	0.27	0.243	0.324	0.44	0.276	0.357	0.4	0.375	0.5	0.542	0.542	0.542	0.44	0.435	0.4	0.4	0.4	0.423	0.371	0.353	0.516	0.419	0.28	0.28
Ma         	0.286	0.286	0.286	0.269	0.259	0.296	0.296	0.321	0.296	0.296	0.308	0.269	0.308	0.308	0.269	0.308	0.269	0.269	0.308	0.286	0.286	0.286	0.286	0.333	0.333	0.0	0.08	0.185	0.24	0.24	0.312	0.312	0.316	0.35	0.333	0.375	0.545	0.409	0.357	0.4	0.364	0.333	0.36	0.364	0.364	0.364	0.348	0.318	0.304	0.304	0.304	0.32	0.31	0.286	0.583	0.417	0.292	0.292
Hi         	0.25	0.25	0.25	0.231	0.222	0.259	0.259	0.286	0.259	0.259	0.269	0.231	0.269	0.269	0.231	0.269	0.231	0.231	0.269	0.25	0.25	0.25	0.25	0.296	0.296	0.08	0.0	0.214	0.24	0.24	0.25	0.25	0.35	0.3	0.292	0.333	0.5	0.435	0.321	0.423	0.391	0.364	0.36	0.364	0.364	0.364	0.348	0.318	0.304	0.304	0.304	0.32	0.333	0.31	0.542	0.44	0.292	0.292
Pas         	0.233	0.233	0.233	0.179	0.179	0.207	0.207	0.241	0.214	0.214	0.214	0.179	0.214	0.214	0.179	0.214	0.179	0.179	0.214	0.267	0.267	0.267	0.267	0.241	0.241	0.185	0.214	0.0	0.296	0.296	0.353	0.353	0.263	0.3	0.308	0.346	0.542	0.417	0.333	0.333	0.417	0.391	0.444	0.417	0.417	0.417	0.4	0.375	0.36	0.36	0.36	0.37	0.3	0.276	0.577	0.423	0.385	0.385
Ta         	0.346	0.346	0.346	0.36	0.37	0.36	0.36	0.423	0.423	0.423	0.32	0.28	0.32	0.32	0.28	0.32	0.28	0.28	0.32	0.333	0.333	0.333	0.333	0.346	0.346	0.24	0.24	0.296	0.0	0.043	0.375	0.375	0.4	0.4	0.375	0.348	0.545	0.435	0.37	0.44	0.391	0.364	0.375	0.409	0.409	0.409	0.391	0.318	0.348	0.348	0.348	0.304	0.345	0.321	0.667	0.462	0.25	0.25
Te         	0.346	0.346	0.346	0.36	0.37	0.36	0.36	0.423	0.423	0.423	0.32	0.28	0.32	0.32	0.28	0.32	0.28	0.28	0.32	0.333	0.333	0.333	0.333	0.346	0.346	0.24	0.24	0.296	0.043	0.0	0.375	0.375	0.4	0.4	0.375	0.348	0.545	0.435	0.37	0.44	0.391	0.364	0.375	0.409	0.409	0.409	0.391	0.318	0.348	0.348	0.348	0.304	0.345	0.321	0.667	0.462	0.25	0.25
Man         	0.412	0.412	0.412	0.375	0.312	0.412	0.412	0.412	0.375	0.375	0.375	0.375	0.375	0.438	0.375	0.438	0.375	0.375	0.438	0.471	0.471	0.471	0.471	0.438	0.438	0.312	0.25	0.353	0.375	0.375	0.0	0.133	0.438	0.375	0.467	0.467	0.5	0.533	0.375	0.533	0.5	0.5	0.467	0.5	0.5	0.5	0.429	0.5	0.429	0.429	0.429	0.438	0.412	0.412	0.385	0.571	0.467	0.467
Can         	0.412	0.412	0.412	0.375	0.312	0.412	0.412	0.412	0.375	0.375	0.375	0.375	0.375	0.438	0.375	0.438	0.375	0.375	0.438	0.471	0.471	0.471	0.471	0.438	0.438	0.312	0.25	0.353	0.375	0.375	0.133	0.0	0.438	0.375	0.467	0.467	0.5	0.533	0.375	0.533	0.5	0.5	0.467	0.5	0.5	0.5	0.429	0.5	0.429	0.429	0.429	0.438	0.412	0.412	0.385	0.571	0.467	0.467
Jap         	0.35	0.35	0.35	0.316	0.316	0.35	0.4	0.4	0.368	0.368	0.316	0.316	0.316	0.368	0.316	0.368	0.316	0.316	0.316	0.35	0.35	0.35	0.35	0.368	0.368	0.316	0.35	0.263	0.4	0.4	0.438	0.438	0.0	0.143	0.389	0.444	0.588	0.471	0.368	0.389	0.471	0.471	0.45	0.556	0.556	0.556	0.444	0.412	0.444	0.444	0.444	0.476	0.263	0.263	0.688	0.412	0.5	0.5
Kor         	0.3	0.3	0.3	0.263	0.263	0.3	0.35	0.35	0.316	0.316	0.263	0.263	0.263	0.316	0.263	0.316	0.263	0.263	0.263	0.3	0.3	0.3	0.3	0.316	0.316	0.35	0.3	0.3	0.4	0.4	0.375	0.375	0.143	0.0	0.333	0.389	0.529	0.5	0.316	0.421	0.5	0.5	0.45	0.556	0.556	0.556	0.444	0.412	0.444	0.444	0.444	0.476	0.3	0.3	0.625	0.444	0.5	0.5
Ar         	0.289	0.316	0.316	0.378	0.333	0.351	0.371	0.308	0.31	0.31	0.306	0.333	0.333	0.333	0.371	0.371	0.371	0.371	0.306	0.259	0.259	0.259	0.259	0.27	0.27	0.333	0.292	0.308	0.375	0.375	0.467	0.467	0.389	0.333	0.0	0.179	0.394	0.478	0.296	0.36	0.435	0.409	0.458	0.522	0.522	0.522	0.478	0.435	0.435	0.435	0.435	0.435	0.382	0.364	0.484	0.375	0.375	0.375
Heb         	0.263	0.289	0.289	0.351	0.286	0.324	0.343	0.282	0.326	0.326	0.278	0.306	0.306	0.306	0.343	0.343	0.343	0.343	0.306	0.296	0.296	0.296	0.296	0.243	0.243	0.375	0.333	0.346	0.348	0.348	0.467	0.467	0.444	0.389	0.179	0.0	0.333	0.478	0.333	0.4	0.435	0.409	0.5	0.522	0.522	0.522	0.478	0.435	0.435	0.435	0.435	0.409	0.412	0.394	0.5	0.355	0.375	0.375
Hu         	0.394	0.455	0.424	0.455	0.441	0.424	0.531	0.394	0.353	0.353	0.364	0.424	0.394	0.424	0.469	0.469	0.469	0.469	0.424	0.458	0.458	0.458	0.458	0.324	0.324	0.545	0.5	0.542	0.545	0.545	0.5	0.5	0.588	0.529	0.394	0.333	0.0	0.167	0.261	0.292	0.261	0.304	0.524	0.364	0.364	0.364	0.261	0.318	0.292	0.292	0.292	0.375	0.484	0.516	0.586	0.355	0.391	0.391
KhB         	0.542	0.542	0.542	0.542	0.577	0.542	0.583	0.5	0.5	0.5	0.458	0.5	0.458	0.5	0.5	0.5	0.5	0.5	0.5	0.4	0.4	0.4	0.4	0.44	0.44	0.409	0.435	0.417	0.435	0.435	0.533	0.533	0.471	0.5	0.478	0.478	0.167	0.0	0.28	0.24	0.208	0.25	0.409	0.333	0.333	0.333	0.167	0.217	0.2	0.2	0.2	0.28	0.375	0.417	0.682	0.308	0.333	0.333
Est         	0.379	0.379	0.379	0.393	0.379	0.393	0.393	0.379	0.379	0.379	0.286	0.321	0.286	0.321	0.321	0.321	0.321	0.321	0.357	0.3	0.3	0.3	0.3	0.276	0.276	0.357	0.321	0.333	0.37	0.37	0.375	0.375	0.368	0.316	0.296	0.333	0.261	0.28	0.0	0.115	0.208	0.208	0.36	0.348	0.348	0.348	0.32	0.304	0.28	0.28	0.28	0.308	0.276	0.31	0.56	0.37	0.333	0.333
Fin         	0.444	0.444	0.444	0.444	0.464	0.444	0.481	0.444	0.444	0.444	0.37	0.407	0.37	0.407	0.407	0.407	0.407	0.407	0.407	0.357	0.357	0.357	0.357	0.357	0.357	0.4	0.423	0.333	0.44	0.44	0.533	0.533	0.389	0.421	0.36	0.4	0.292	0.24	0.115	0.0	0.208	0.208	0.375	0.333	0.333	0.333	0.308	0.292	0.269	0.269	0.269	0.259	0.308	0.346	0.609	0.333	0.4	0.4
mM         	0.5	0.5	0.5	0.5	0.538	0.5	0.542	0.458	0.458	0.458	0.417	0.458	0.417	0.458	0.458	0.458	0.458	0.458	0.458	0.36	0.36	0.36	0.36	0.4	0.4	0.364	0.391	0.417	0.391	0.391	0.5	0.5	0.471	0.5	0.435	0.435	0.261	0.208	0.208	0.208	0.0	0.091	0.364	0.261	0.261	0.261	0.24	0.217	0.2	0.2	0.2	0.28	0.333	0.375	0.619	0.308	0.333	0.333
Ud         	0.478	0.478	0.478	0.478	0.52	0.478	0.522	0.5	0.5	0.5	0.391	0.435	0.391	0.435	0.435	0.435	0.435	0.435	0.435	0.4	0.4	0.4	0.4	0.375	0.375	0.333	0.364	0.391	0.364	0.364	0.5	0.5	0.471	0.5	0.409	0.409	0.304	0.25	0.208	0.208	0.091	0.0	0.333	0.304	0.304	0.304	0.28	0.261	0.24	0.24	0.24	0.25	0.304	0.348	0.619	0.346	0.375	0.375
Yu         	0.423	0.423	0.423	0.48	0.5	0.44	0.48	0.519	0.556	0.556	0.417	0.458	0.417	0.5	0.458	0.5	0.458	0.458	0.458	0.444	0.444	0.444	0.444	0.5	0.5	0.36	0.36	0.444	0.375	0.375	0.467	0.467	0.45	0.45	0.458	0.5	0.524	0.409	0.36	0.375	0.364	0.333	0.0	0.391	0.391	0.391	0.348	0.273	0.304	0.304	0.304	0.25	0.308	0.346	0.591	0.462	0.435	0.435
Ev1         	0.5	0.5	0.5	0.478	0.5	0.5	0.542	0.458	0.435	0.435	0.478	0.522	0.478	0.522	0.522	0.522	0.522	0.522	0.522	0.417	0.417	0.417	0.417	0.542	0.542	0.364	0.364	0.417	0.409	0.409	0.5	0.5	0.556	0.556	0.522	0.522	0.364	0.333	0.348	0.333	0.261	0.304	0.391	0.0	0.048	0.048	0.208	0.174	0.167	0.167	0.167	0.28	0.44	0.48	0.636	0.346	0.435	0.435
Ev2         	0.5	0.5	0.5	0.478	0.5	0.5	0.542	0.458	0.435	0.435	0.478	0.522	0.478	0.522	0.522	0.522	0.522	0.522	0.522	0.417	0.417	0.417	0.417	0.542	0.542	0.364	0.364	0.417	0.409	0.409	0.5	0.5	0.556	0.556	0.522	0.522	0.364	0.333	0.348	0.333	0.261	0.304	0.391	0.048	0.0	0.048	0.208	0.174	0.167	0.167	0.167	0.28	0.44	0.48	0.636	0.346	0.435	0.435
Ek         	0.5	0.5	0.5	0.478	0.5	0.5	0.542	0.458	0.435	0.435	0.478	0.522	0.478	0.522	0.522	0.522	0.522	0.522	0.522	0.417	0.417	0.417	0.417	0.542	0.542	0.364	0.364	0.417	0.409	0.409	0.5	0.5	0.556	0.556	0.522	0.522	0.364	0.333	0.348	0.333	0.261	0.304	0.391	0.048	0.048	0.0	0.208	0.174	0.167	0.167	0.167	0.28	0.44	0.48	0.636	0.346	0.435	0.435
Ya         	0.48	0.48	0.48	0.458	0.48	0.48	0.52	0.44	0.417	0.417	0.458	0.5	0.458	0.5	0.5	0.5	0.5	0.5	0.5	0.4	0.4	0.4	0.4	0.44	0.44	0.348	0.348	0.4	0.391	0.391	0.429	0.429	0.444	0.444	0.478	0.478	0.261	0.167	0.32	0.308	0.24	0.28	0.348	0.208	0.208	0.208	0.0	0.13	0.08	0.08	0.08	0.192	0.4	0.44	0.636	0.308	0.333	0.333
Uz         	0.458	0.458	0.458	0.435	0.458	0.458	0.5	0.417	0.391	0.391	0.391	0.435	0.391	0.435	0.435	0.435	0.435	0.435	0.435	0.333	0.333	0.333	0.333	0.435	0.435	0.318	0.318	0.375	0.318	0.318	0.5	0.5	0.412	0.412	0.435	0.435	0.318	0.217	0.304	0.292	0.217	0.261	0.273	0.174	0.174	0.174	0.13	0.0	0.087	0.087	0.087	0.208	0.36	0.4	0.636	0.269	0.318	0.318
Kaz         	0.44	0.44	0.44	0.417	0.44	0.44	0.48	0.4	0.375	0.375	0.417	0.458	0.417	0.458	0.458	0.458	0.458	0.458	0.458	0.36	0.36	0.36	0.36	0.4	0.4	0.304	0.304	0.36	0.348	0.348	0.429	0.429	0.444	0.444	0.435	0.435	0.292	0.2	0.28	0.269	0.2	0.24	0.304	0.167	0.167	0.167	0.08	0.087	0.0	0.04	0.04	0.154	0.36	0.4	0.591	0.269	0.292	0.292
Kyr         	0.44	0.44	0.44	0.417	0.44	0.44	0.48	0.4	0.375	0.375	0.417	0.458	0.417	0.458	0.458	0.458	0.458	0.458	0.458	0.36	0.36	0.36	0.36	0.4	0.4	0.304	0.304	0.36	0.348	0.348	0.429	0.429	0.444	0.444	0.435	0.435	0.292	0.2	0.28	0.269	0.2	0.24	0.304	0.167	0.167	0.167	0.08	0.087	0.04	0.0	0.04	0.154	0.36	0.4	0.591	0.269	0.292	0.292
Tur         	0.44	0.44	0.44	0.417	0.44	0.44	0.48	0.4	0.375	0.375	0.417	0.458	0.417	0.458	0.458	0.458	0.458	0.458	0.458	0.36	0.36	0.36	0.36	0.4	0.4	0.304	0.304	0.36	0.348	0.348	0.429	0.429	0.444	0.444	0.435	0.435	0.292	0.2	0.28	0.269	0.2	0.24	0.304	0.167	0.167	0.167	0.08	0.087	0.04	0.04	0.0	0.154	0.36	0.4	0.591	0.269	0.292	0.292
Bur         	0.385	0.385	0.385	0.423	0.444	0.385	0.423	0.444	0.481	0.481	0.4	0.44	0.4	0.48	0.44	0.48	0.44	0.44	0.44	0.444	0.444	0.444	0.444	0.423	0.423	0.32	0.32	0.37	0.304	0.304	0.438	0.438	0.476	0.476	0.435	0.409	0.375	0.28	0.308	0.259	0.28	0.25	0.25	0.28	0.28	0.28	0.192	0.208	0.154	0.154	0.154	0.0	0.346	0.385	0.545	0.37	0.333	0.333
cB         	0.361	0.343	0.361	0.333	0.371	0.353	0.364	0.417	0.417	0.417	0.294	0.303	0.273	0.333	0.333	0.364	0.333	0.333	0.333	0.355	0.355	0.355	0.355	0.371	0.371	0.31	0.333	0.3	0.345	0.345	0.412	0.412	0.263	0.3	0.382	0.412	0.484	0.375	0.276	0.308	0.333	0.304	0.308	0.44	0.44	0.44	0.4	0.36	0.36	0.36	0.36	0.346	0.0	0.121	0.567	0.375	0.407	0.407
wB         	0.389	0.371	0.389	0.364	0.4	0.382	0.394	0.444	0.4	0.4	0.324	0.333	0.303	0.364	0.364	0.394	0.364	0.364	0.364	0.333	0.333	0.333	0.333	0.353	0.353	0.286	0.31	0.276	0.321	0.321	0.412	0.412	0.263	0.3	0.364	0.394	0.516	0.417	0.31	0.346	0.375	0.348	0.346	0.48	0.48	0.48	0.44	0.4	0.4	0.4	0.4	0.385	0.121	0.0	0.6	0.455	0.385	0.385
Wo         	0.471	0.5	0.5	0.545	0.5	0.515	0.531	0.406	0.485	0.485	0.517	0.517	0.552	0.517	0.571	0.586	0.571	0.571	0.567	0.583	0.583	0.583	0.583	0.516	0.516	0.583	0.542	0.577	0.667	0.667	0.385	0.385	0.688	0.625	0.484	0.5	0.586	0.682	0.56	0.609	0.619	0.619	0.591	0.636	0.636	0.636	0.636	0.636	0.591	0.591	0.591	0.545	0.567	0.6	0.0	0.556	0.609	0.609
Mal         	0.438	0.438	0.438	0.469	0.394	0.469	0.516	0.375	0.406	0.406	0.387	0.452	0.419	0.452	0.467	0.467	0.467	0.467	0.433	0.393	0.393	0.393	0.393	0.419	0.419	0.417	0.44	0.423	0.462	0.462	0.571	0.571	0.412	0.444	0.375	0.355	0.355	0.308	0.37	0.333	0.308	0.346	0.462	0.346	0.346	0.346	0.308	0.269	0.269	0.269	0.269	0.37	0.375	0.455	0.556	0.0	0.4	0.4
Arc         	0.4	0.4	0.4	0.417	0.423	0.417	0.417	0.36	0.36	0.36	0.375	0.333	0.375	0.333	0.333	0.333	0.333	0.333	0.375	0.308	0.308	0.308	0.308	0.28	0.28	0.292	0.292	0.385	0.25	0.25	0.467	0.467	0.5	0.5	0.375	0.375	0.391	0.333	0.333	0.4	0.333	0.375	0.435	0.435	0.435	0.435	0.333	0.318	0.292	0.292	0.292	0.333	0.407	0.385	0.609	0.4	0.0	0.043
Lak         	0.4	0.4	0.4	0.417	0.423	0.417	0.417	0.36	0.36	0.36	0.375	0.333	0.375	0.333	0.333	0.333	0.333	0.333	0.375	0.308	0.308	0.308	0.308	0.28	0.28	0.292	0.292	0.385	0.25	0.25	0.467	0.467	0.5	0.5	0.375	0.375	0.391	0.333	0.333	0.4	0.333	0.375	0.435	0.435	0.435	0.435	0.333	0.318	0.292	0.292	0.292	0.333	0.407	0.385	0.609	0.4	0.043	0.0
